opponent,map,episode_index,episode_seed,cell_seed,return_z0,return_z1,return_z2,return_z3,V_z0,V_z1,V_z2,V_z3,mean_z_return,oracle_selected_adv,online_proxy,oracle_best_z,critic_best_z
OP10,map_b,0,2042,2042,-3.4789371,-6.074101,-4.225467,-1.7586554,-1.0957966,-1.1106365,-1.157759,-1.0866606,-3.8842902,-2.1898108,-4.9634647,3,3
OP10,map_b,1,2043,2042,-1.4328941,-7.7673683,-5.336981,-1.5733014,-1.0047832,-0.9367245,-1.0663335,-1.0149009,-4.027636,-3.7397323,-6.8306437,0,1
OP10,map_b,2,2044,2042,-0.48689795,-5.605438,-1.5486959,-1.8008822,-1.1169703,-1.1717291,-1.1947012,-1.1724753,-2.3604786,-3.2449596,-4.433709,0,0
OP10,map_b,3,2045,2042,-1.7597758,-3.036135,-8.758093,-0.81334335,-1.673485,-1.5735278,-1.6974247,-1.694082,-3.5918367,0.55570173,-1.4626071,3,1
OP10,map_b,4,2046,2042,-11.438342,-8.80251,-11.369812,-12.105593,-1.4791923,-1.4700165,-1.5187259,-1.56158,-10.929064,2.1265535,-7.332494,1,1
OP10,map_b,5,2047,2042,-7.2796063,-1.3045034,-1.6912421,-7.384323,-1.1735771,-1.1564445,-1.1431599,-1.1917472,-4.414919,3.1104155,-0.14805889,1,2
OP10,map_b,6,2048,2042,-5.4052486,-3.002637,-1.3549749,-4.675275,-1.4044812,-1.3062098,-1.4337153,-1.4588451,-3.6095338,0.6068969,-1.6964271,2,1
OP10,map_b,7,2049,2042,-1.866089,-5.3816404,-4.342973,-3.1153407,-1.3984323,-1.4006882,-1.5145669,-1.3874571,-3.6765108,-1.7051296,-3.9809523,0,3
OP10,map_b,8,2050,2042,-1.0394496,-3.5008483,-5.0806103,-3.4624019,-1.3415027,-1.2280362,-1.3487263,-1.3815134,-3.2708278,-0.23002052,-2.2728121,0,1
OP10,map_b,9,2051,2042,-3.8602276,-6.5460043,-14.0681715,-4.185361,-1.0266273,-0.9555927,-1.1339912,-1.0407784,-7.164941,0.61893654,-5.5904117,0,1
OP10,map_b,10,2052,2042,-2.9154468,-2.3471782,-2.8286605,-2.7856524,-1.3553255,-1.24528,-1.3484957,-1.3463953,-2.7192345,0.37205625,-1.1018982,1,1
OP10,map_b,11,2053,2042,-0.96933544,-2.9561791,-11.024472,-2.106169,-1.2802382,-1.2264812,-1.3077476,-1.2641704,-4.264039,1.3078599,-1.729698,0,1
OP10,map_b,12,2054,2042,-7.3800817,-10.534671,-3.1156495,-5.1803637,-1.0115709,-1.027627,-1.0830123,-0.98660165,-6.5526915,-3.9819794,-9.507044,2,3
OP10,map_b,13,2055,2042,-1.0409014,-3.4977975,-1.0161959,-1.02929,-1.0784166,-1.0563326,-1.1370497,-1.0813015,-1.6460462,-1.8517513,-2.441465,2,1
OP10,map_b,14,2056,2042,-7.767982,-6.4657373,-1.8683528,-8.14257,-1.0948112,-1.0920928,-1.1527731,-1.0997896,-6.06116,-0.40457726,-5.373645,2,1
OP10,map_b,15,2057,2042,-2.5479343,-2.85315,-2.3040044,-1.8615682,-1.0862174,-1.098999,-1.1576209,-1.0805109,-2.3916643,-0.46148562,-1.7541509,3,3
OP10,map_b,16,2058,2042,-2.0196047,-0.10573852,-3.8404605,-12.933493,-1.152492,-1.186065,-1.2214684,-1.1756017,-4.724824,4.6190853,1.0803264,1,0
OP10,map_b,17,2059,2042,-2.3368514,-2.1133232,-4.607526,-1.5755794,-1.3700826,-1.3339024,-1.436461,-1.3910997,-2.65832,0.54499674,-0.77942085,3,1
OP10,map_b,18,2060,2042,-1.4171422,-4.195241,-3.8740358,-10.381673,-1.2229557,-1.1557169,-1.3023102,-1.2721431,-4.967023,0.7717819,-3.039524,0,1
OP10,map_b,19,2061,2042,-1.5348756,-3.3594546,-0.4507042,-10.610035,-1.3174639,-1.3132565,-1.4740453,-1.4138141,-3.9887671,0.6293125,-2.0461981,2,1
OP10,map_b,20,2062,2042,-6.741451,-3.1822808,-8.683239,-4.398526,-1.3875442,-1.3760209,-1.4289284,-1.4617689,-5.7513742,2.5690935,-1.8062599,1,1
OP10,map_b,21,2063,2042,-2.0423875,-5.263795,-1.2003609,-3.3189623,-1.3105936,-1.2535894,-1.3076391,-1.308001,-2.9563763,-2.3074186,-4.0102053,2,1
OP10,map_b,22,2064,2042,-2.784891,-2.6706192,-8.869401,-3.6513536,-1.4950829,-1.4373932,-1.4983349,-1.4873571,-4.494066,1.823447,-1.2332261,1,1
OP10,map_b,23,2065,2042,-0.9253232,-2.0577624,-3.0240815,-1.808753,-1.2781186,-1.292856,-1.3787215,-1.3260131,-1.95398,-0.103782415,-0.7649064,0,0
OP10,map_b,24,2066,2042,-5.252312,-5.3500605,-4.4425583,-2.3795505,-1.1898177,-1.1763692,-1.2839754,-1.1866925,-4.3561206,-0.9939399,-4.1736913,3,1
OP10,map_b,25,2067,2042,-12.019118,-6.950579,-7.0659165,-4.264264,-1.1497214,-1.1338875,-1.2296221,-1.1377568,-7.5749693,0.6243901,-5.8166914,3,1
OP10,map_b,26,2068,2042,-1.8608489,-0.17990911,-2.7259448,-0.8802555,-1.2236519,-1.1596982,-1.2111616,-1.2468417,-1.4117396,1.2318305,0.97978914,1,1
OP10,map_b,27,2069,2042,-1.0178188,-0.8516222,-0.3296117,-2.9420195,-1.1437547,-1.0609715,-1.2047205,-1.1942551,-1.2852681,0.43364584,0.20934927,2,1
OP10,map_b,28,2070,2042,-8.966638,-3.6055353,-0.6040506,-10.7744055,-1.1986527,-1.0977938,-1.2386553,-1.2387507,-5.9876575,2.3821223,-2.5077415,2,1
OP10,map_b,29,2071,2042,-2.2062259,-0.44950163,-0.8505471,-1.7006502,-0.97370285,-0.97539675,-1.0282218,-0.96037227,-1.3017311,0.8522295,0.5258951,1,3
OP10,map_b,30,2072,2042,-5.252515,-1.8891654,-6.2273803,-2.337679,-1.1809103,-1.1189792,-1.2546012,-1.2229323,-3.9266849,2.0375195,-0.7701862,1,1
OP10,map_b,31,2073,2042,-6.402878,-2.243197,-2.6700504,-3.9559076,-1.3110905,-1.315511,-1.4087231,-1.3349278,-3.8180082,1.5748112,-0.927686,1,0
OP10,map_b,32,2074,2042,-5.0851526,-5.3951006,-2.7206311,-8.205894,-1.332509,-1.2439389,-1.4394464,-1.3384509,-5.3516946,-0.04340601,-4.1511617,2,1
OP10,map_b,33,2075,2042,-4.190358,-4.2271833,-0.76276475,-0.9524343,-1.3617728,-1.2679746,-1.3921206,-1.4102447,-2.5331852,-1.6939981,-2.9592087,2,1
OP10,map_b,34,2076,2042,-14.323679,-1.9396269,-0.23967396,-1.3514317,-1.2537508,-1.2029593,-1.2162337,-1.2772424,-4.4636025,2.5239756,-0.73666763,2,1
OP10,map_b,35,2077,2042,-6.755621,-4.4529033,-6.4710374,-4.693977,-1.3885798,-1.3638556,-1.4351768,-1.4058802,-5.5933847,1.1404815,-3.0890477,1,1
OP10,map_b,36,2078,2042,-6.7702985,-1.9105314,-2.2158797,-7.285906,-1.3143618,-1.3390315,-1.3014259,-1.3750963,-4.545654,2.6351223,-0.57149994,1,2
OP10,map_b,37,2079,2042,-11.394918,-7.4905324,-10.006803,-0.38992426,-1.2918484,-1.2508652,-1.3553979,-1.3537459,-7.3205447,-0.16998768,-6.239667,3,1
OP10,map_b,38,2080,2042,-4.7186637,-2.1709177,-10.595559,-3.9061162,-1.409648,-1.4350295,-1.550864,-1.5580454,-5.3478146,3.1768968,-0.73588824,1,0
OP10,map_b,39,2081,2042,-0.29203275,-11.045432,-8.701115,-5.435705,-1.2711847,-1.1751804,-1.3802509,-1.307626,-6.3685713,-4.676861,-9.870252,0,1
OP10,map_b,40,2082,2042,-9.663334,-1.6964618,-4.44925,-2.9059904,-1.3247387,-1.3171425,-1.4516857,-1.384196,-4.678759,2.9822974,-0.3793193,1,1
OP10,map_b,41,2083,2042,0.0118110925,-2.3581583,-10.247974,-7.040802,-1.359412,-1.4133673,-1.4825428,-1.3809881,-4.908781,2.5506227,-0.9447911,0,0
OP10,map_b,42,2084,2042,-0.3719935,-8.933008,-3.0488982,-1.7085147,-1.0160141,-0.99342954,-1.0694482,-0.97064334,-3.5156035,-5.4174047,-7.9395785,0,3
OP10,map_b,43,2085,2042,-0.8525177,-5.3613834,-2.3708313,-1.669107,-1.0751417,-1.0848842,-1.1306815,-1.0795593,-2.5634599,-2.7979236,-4.2764993,0,0
OP10,map_b,44,2086,2042,-3.7728379,-9.900034,-1.7915747,-13.836679,-1.4233522,-1.4342492,-1.4671733,-1.496033,-7.325281,-2.5747528,-8.465785,2,0
OP10,map_b,45,2087,2042,-14.06748,-16.489761,-3.2348816,-3.9473214,-1.183548,-1.1208506,-1.2765627,-1.2106068,-9.434861,-7.0549,-15.368911,2,1
OP10,map_b,46,2088,2042,-6.1758738,-0.082924314,-5.377809,-0.4416774,-1.0990548,-1.0548413,-1.1784897,-1.1030736,-3.019571,2.9366467,0.971917,1,1
OP10,map_b,47,2089,2042,-2.746953,-2.2222157,-12.756974,-0.39523962,-1.3310287,-1.3188972,-1.3904572,-1.3067086,-4.5303454,2.3081298,-0.9033184,3,3
OP10,map_b,48,2090,2042,-11.19461,-0.8140705,-0.89561176,-1.5359046,-1.0340748,-1.0074809,-1.0798852,-1.0200665,-3.6100492,2.7959788,0.19341034,1,1
OP10,map_b,49,2091,2042,-6.5679026,-11.547821,-2.8239768,-2.9379437,-1.3154831,-1.3400445,-1.4424889,-1.3361018,-5.969411,-5.57841,-10.207777,2,0
OP10,map_b,50,2092,2042,-3.4488091,0.029472198,-1.8026932,-1.1893737,-1.0108324,-0.9803321,-1.0551296,-0.97884744,-1.6028509,1.6323231,1.0098042,1,3
OP10,map_b,51,2093,2042,-3.7346733,-1.6377734,-1.6315721,-0.66988397,-1.3713362,-1.3752522,-1.4397416,-1.373992,-1.9184756,0.28070223,-0.26252115,3,0
OP10,map_b,52,2094,2042,-10.829726,-5.8958483,-3.2934048,-2.5913312,-1.0836425,-0.9920394,-1.062906,-1.0555725,-5.652578,-0.2432704,-4.903809,3,1
OP10,map_b,53,2095,2042,-3.8640883,-3.001929,-1.437811,-5.768296,-1.3817866,-1.3404787,-1.4379969,-1.407856,-3.5180311,0.5161021,-1.6614504,2,1
OP10,map_b,54,2096,2042,-7.321698,-8.117249,-4.3174667,-2.9453921,-1.1464374,-1.0685711,-1.1973453,-1.1815221,-5.6754513,-2.4417973,-7.0486774,3,1
OP10,map_b,55,2097,2042,-1.155521,-2.0447755,-8.018371,-1.3561761,-1.0263562,-0.9463262,-1.1203039,-1.0402572,-3.1437109,1.0989354,-1.0984492,0,1
OP10,map_b,56,2098,2042,-6.805429,-6.7469935,-3.622931,-2.906316,-1.1364338,-1.0390887,-1.2440543,-1.1571321,-5.0204177,-1.7265759,-5.707905,3,1
OP10,map_b,57,2099,2042,-3.951691,-2.499181,-4.2270255,-13.749092,-1.309741,-1.3289216,-1.4498651,-1.3881092,-6.1067476,3.6075666,-1.1702595,1,0
OP10,map_b,58,2100,2042,-1.10274,-1.3371223,-3.0154922,-6.5967603,-1.257242,-1.2982273,-1.3683643,-1.2812922,-3.0130286,1.6759063,-0.03889501,0,0
OP10,map_b,59,2101,2042,-2.4790158,-4.1249633,-6.4518857,-5.666223,-1.3374121,-1.3578119,-1.4646175,-1.4080322,-4.680522,0.5555587,-2.7671514,0,0
OP10,map_b,60,2102,2042,-0.33953142,-0.70107293,-0.73202825,-10.84236,-1.5345647,-1.5588014,-1.5992694,-1.5939178,-3.153748,2.452675,0.8577285,0,0
OP10,map_b,61,2103,2042,-6.913539,-2.8996253,-1.6388963,-0.9826077,-1.2358546,-1.1893852,-1.2032609,-1.274821,-3.108667,0.2090416,-1.7102401,3,1
OP10,map_b,62,2104,2042,-18.395708,-1.6579953,-1.6108525,-4.762796,-1.424921,-1.3401427,-1.449995,-1.4924493,-6.606838,4.948843,-0.31785262,2,1
OP10,map_b,63,2105,2042,-2.6073048,-8.01117,-1.48012,-4.578149,-1.233937,-1.1339748,-1.2521725,-1.2611558,-4.1691856,-3.8419847,-6.8771954,2,1
OP10,map_b,64,2106,2042,-1.7092901,-8.942247,-2.7479675,-0.6030387,-1.2877424,-1.3177824,-1.4005706,-1.3314714,-3.500636,-5.4416113,-7.624465,3,0
OP10,map_b,65,2107,2042,-3.2708747,-2.5100298,-10.1711235,-8.453718,-1.1718817,-1.0873415,-1.2082088,-1.186466,-6.1014366,3.5914068,-1.4226882,1,1
OP10,map_b,66,2108,2042,-0.50474685,-2.1131077,-3.43089,-2.2223926,-1.2807019,-1.2228003,-1.2988372,-1.3112047,-2.0677843,-0.045323372,-0.8903074,0,1
OP10,map_b,67,2109,2042,-9.295199,-2.618632,-0.47776833,-4.0940194,-1.0830789,-1.0828254,-1.1289778,-1.0698848,-4.1214046,1.5027726,-1.5358067,2,3
OP10,map_b,68,2110,2042,-6.6079774,-0.5475953,-0.52418923,-4.42241,-1.1217775,-1.032671,-1.1300652,-1.1167848,-3.025543,2.4779477,0.48507565,2,1
OP10,map_b,69,2111,2042,-5.443144,-9.764437,-3.467972,-10.149982,-1.0381582,-1.0249078,-1.1057177,-1.0145721,-7.2063837,-2.558053,-8.739529,2,3
OP10,map_b,70,2112,2042,-1.5778294,-2.009101,-3.2013164,-2.2214296,-1.2913761,-1.2555997,-1.2653968,-1.3351798,-2.252419,0.24331808,-0.7535012,0,1
OP10,map_b,71,2113,2042,-2.7913594,-8.235425,-10.887868,-2.080855,-1.0045662,-0.97769684,-1.0543554,-0.92982894,-5.998877,-2.236548,-7.257728,3,3
OP10,map_b,72,2114,2042,-4.9849944,-9.231265,-18.716105,-4.5100603,-1.0819597,-1.001293,-1.1690354,-1.1032524,-9.360606,0.12934113,-8.229972,3,1
OP10,map_b,73,2115,2042,-2.2258255,-4.533565,-1.5104955,-2.7667594,-1.4896777,-1.2990067,-1.4540627,-1.476181,-2.7591615,-1.7744036,-3.2345583,2,1
OP10,map_b,74,2116,2042,-2.135307,-7.589228,-3.2388916,-1.156239,-1.3562064,-1.3302932,-1.3865445,-1.3772204,-3.5299163,-4.059312,-6.258935,3,1
OP10,map_b,75,2117,2042,-7.0159917,-3.4917808,-0.27123383,-4.17351,-0.992226,-0.9725378,-1.0338728,-0.95639354,-3.7381291,0.24634838,-2.519243,2,3
OP10,map_b,76,2118,2042,-3.6122558,-0.5051972,-1.2730311,-0.66794145,-1.4055557,-1.3776889,-1.3947177,-1.4523504,-1.5146065,1.0094092,0.87249166,1,1
OP10,map_b,77,2119,2042,-11.762875,-7.76269,-2.3542976,-3.810394,-1.1005831,-1.097985,-1.1554258,-1.0997739,-6.422564,-1.340126,-6.6647053,2,1
OP10,map_b,78,2120,2042,-6.173326,-0.06197015,-16.982079,-7.260569,-1.2787211,-1.1724169,-1.3434479,-1.2576754,-7.619486,7.5575156,1.1104468,1,1
OP10,map_b,79,2121,2042,-1.7080805,-4.174824,-4.607562,-0.49466315,-1.0666213,-0.9930039,-1.0949643,-1.0526266,-2.7462826,-1.4285417,-3.1818204,3,1
OP10,map_b,80,2122,2042,-14.947676,-16.715597,-3.719865,-1.3011137,-1.0326121,-0.96865326,-1.0752041,-0.9857138,-9.171062,-7.5445347,-15.746943,3,1
OP10,map_b,81,2123,2042,-3.684259,-1.103502,-2.675454,-0.95476925,-1.4550879,-1.4467831,-1.4798181,-1.4573355,-2.104496,1.000994,0.34328103,3,1
OP10,map_b,82,2124,2042,-0.7493234,-2.3977873,-1.5893338,-0.8634992,-1.27074,-1.1671329,-1.2884591,-1.3256633,-1.3999859,-0.9978014,-1.2306545,0,1
OP10,map_b,83,2125,2042,-8.838523,-4.3251314,-1.8822497,-2.5366764,-1.3991928,-1.360708,-1.4282727,-1.4445641,-4.395645,0.070513725,-2.9644234,2,1
OP10,map_b,84,2126,2042,-18.27459,-7.355683,-9.650241,-3.6301389,-1.2131085,-1.1844492,-1.2920198,-1.2226481,-9.727663,2.3719802,-6.1712337,3,1
OP10,map_b,85,2127,2042,-8.618342,-3.1932027,-13.976208,-16.755138,-1.2135184,-1.1895065,-1.2068362,-1.2485652,-10.635723,7.44252,-2.0036962,1,1
OP10,map_b,86,2128,2042,-11.513673,-4.0831904,-0.3836801,-1.9742831,-1.0305996,-0.93774396,-1.1244807,-1.014961,-4.4887066,0.40551615,-3.1454465,2,1
OP10,map_b,87,2129,2042,-4.327837,-11.22883,-2.6948018,-6.9327784,-1.3219802,-1.1877553,-1.3249414,-1.354713,-6.2960615,-4.932769,-10.041075,2,1
OP10,map_b,88,2130,2042,-0.07210046,-7.85931,-0.7581501,0.02797756,-1.3219244,-1.2866223,-1.317708,-1.3375261,-2.1653957,-5.6939144,-6.572688,3,1
OP10,map_b,89,2131,2042,-13.037438,-0.85626894,-1.16178,-5.265421,-1.4956686,-1.476954,-1.6165347,-1.5893729,-5.080227,4.223958,0.62068504,1,1
OP10,map_b,90,2132,2042,-6.215438,-2.5147824,-1.6177821,0.008863737,-1.0424855,-1.0367303,-1.1080663,-1.0072377,-2.584785,0.070002556,-1.4780521,3,3
OP10,map_b,91,2133,2042,-12.041537,-1.5685465,-4.7182517,-0.4151341,-1.3974411,-1.3911884,-1.4430382,-1.4565363,-4.6858673,3.1173208,-0.17735815,3,1
OP10,map_b,92,2134,2042,-5.3571744,-2.4183316,-3.8575544,-15.936973,-1.194618,-1.096461,-1.2826793,-1.2624319,-6.8925085,4.474177,-1.3218706,1,1
OP10,map_b,93,2135,2042,-5.7434754,-8.7239,-9.178418,-8.434047,-1.3630917,-1.3633907,-1.50016,-1.4075017,-8.01996,-0.70393944,-7.360509,0,0
OP10,map_b,94,2136,2042,-5.2670174,-3.7374277,-2.6578624,-2.4559977,-1.3720334,-1.3391676,-1.3935661,-1.415379,-3.5295763,-0.20785141,-2.39826,3,1
OP10,map_b,95,2137,2042,-2.1275702,-7.930608,-1.0233535,-0.14118628,-1.445591,-1.4525304,-1.4667311,-1.4348679,-2.8056796,-5.1249285,-6.4780774,3,3
OP10,map_b,96,2138,2042,-1.9693221,0.14193843,0.021361226,-1.0400822,-1.3458338,-1.3889999,-1.5030112,-1.4323759,-0.71152616,0.8534646,1.5309384,1,0
OP10,map_b,97,2139,2042,-4.329648,-1.9570525,-5.436899,-3.9431872,-1.3200166,-1.3185132,-1.4300454,-1.3566344,-3.9166965,1.9596441,-0.6385393,1,1
OP10,map_b,98,2140,2042,-7.8699102,-3.7371643,-8.21125,-8.204455,-1.346704,-1.2379286,-1.3690896,-1.384203,-7.0056953,3.268531,-2.4992356,1,1
OP10,map_b,99,2141,2042,-3.0370424,-1.9975948,-3.5404565,-2.4119473,-1.2972374,-1.2909927,-1.4081817,-1.3579919,-2.7467604,0.74916553,-0.7066021,1,1
OP10,map_b_split_lane_v2,0,2142,2142,-15.108488,-6.4526725,-12.0595,-1.6055762,-1.3686535,-1.2958455,-1.4037011,-1.3302691,-8.806559,2.3538861,-5.156827,3,1
OP10,map_b_split_lane_v2,1,2143,2142,-3.2956924,-6.9674315,-1.8868744,-3.7470868,-1.2971961,-1.3210509,-1.3829384,-1.3263524,-3.9742713,-2.9931602,-5.6463804,2,0
OP10,map_b_split_lane_v2,2,2144,2142,-3.2381861,-16.042446,-7.6238174,-1.7453918,-1.4074669,-1.4496288,-1.5532665,-1.470597,-7.1624603,-8.879986,-14.592817,3,0
OP10,map_b_split_lane_v2,3,2145,2142,-2.64722,-12.132278,-1.146999,-5.113291,-1.0985417,-1.105223,-1.156081,-1.1188629,-5.259947,-6.8723316,-11.027056,2,0
OP10,map_b_split_lane_v2,4,2146,2142,-1.1108183,-4.0372133,-1.5173898,-9.019747,-1.1785152,-1.1955194,-1.2562234,-1.2047675,-3.921292,-0.11592126,-2.8416939,0,0
OP10,map_b_split_lane_v2,5,2147,2142,-2.6730864,-1.0216317,-0.29917777,-5.4507127,-1.1050055,-1.07341,-1.1667807,-1.0654228,-2.3611522,1.3395205,0.051778316,2,3
OP10,map_b_split_lane_v2,6,2148,2142,-9.146026,-3.6870582,-0.6850777,-2.061821,-1.4683788,-1.3070252,-1.4557388,-1.4955971,-3.8949957,0.20793748,-2.380033,2,1
OP10,map_b_split_lane_v2,7,2149,2142,-2.7730908,-4.452557,-1.1047907,-11.539991,-1.1122909,-1.0832899,-1.1976376,-1.1307545,-4.9676075,0.5150504,-3.3692672,2,1
OP10,map_b_split_lane_v2,8,2150,2142,-8.254751,-3.3575823,-3.307739,-8.020839,-1.3210783,-1.1774099,-1.3042886,-1.3247695,-5.7352276,2.3776453,-2.1801724,2,1
OP10,map_b_split_lane_v2,9,2151,2142,-4.456297,-9.826854,-8.547108,-4.375673,-1.351464,-1.2513697,-1.3979871,-1.4115317,-6.8014827,-3.025371,-8.575484,3,1
OP10,map_b_split_lane_v2,10,2152,2142,-3.735467,-4.329512,-1.5487161,-14.213679,-1.4000258,-1.3977308,-1.4206154,-1.4102724,-5.9568434,1.6273313,-2.9317813,2,1
OP10,map_b_split_lane_v2,11,2153,2142,-8.120603,-3.9217281,-4.646996,-10.217353,-1.0941892,-1.0873709,-1.1497574,-1.0993271,-6.7266703,2.8049421,-2.8343573,1,1
OP10,map_b_split_lane_v2,12,2154,2142,0.5949395,-1.5606643,-1.8969206,-0.5151949,-1.1953642,-1.1278338,-1.3001726,-1.2436955,-0.84446007,-0.7162042,-0.43283045,0,1
OP10,map_b_split_lane_v2,13,2155,2142,-7.546575,-4.476467,-3.2443204,-4.6418595,-1.0708048,-0.9930458,-1.1831393,-1.1102185,-4.9773054,0.5008383,-3.4834213,2,1
OP10,map_b_split_lane_v2,14,2156,2142,-4.554275,-3.710666,-1.9169885,-13.302126,-1.3908687,-1.2790544,-1.3533812,-1.4283531,-5.8710136,2.1603477,-2.4316115,2,1
OP10,map_b_split_lane_v2,15,2157,2142,-7.3846054,-3.1266594,-15.884808,-8.488065,-1.2241049,-1.1588657,-1.2543232,-1.3005991,-8.721034,5.5943747,-1.9677937,1,1
OP10,map_b_split_lane_v2,16,2158,2142,-8.0734,-15.989322,-10.845533,-13.908417,-1.3042679,-1.2315459,-1.3188436,-1.3063776,-12.204168,-3.7851534,-14.757776,0,1
OP10,map_b_split_lane_v2,17,2159,2142,-1.7557693,-3.4941223,-1.5923461,-8.36638,-1.0274749,-0.92867774,-1.1302879,-1.0438753,-3.8021543,0.30803204,-2.5654445,2,1
OP10,map_b_split_lane_v2,18,2160,2142,-6.5726604,-4.2724915,-0.93954396,-4.5143676,-1.4111269,-1.4167674,-1.4282312,-1.4380121,-4.0747657,-0.19772577,-2.855724,2,0
OP10,map_b_split_lane_v2,19,2161,2142,-10.0459385,-2.1117024,-3.968391,-8.7576885,-1.240408,-1.2126179,-1.3006084,-1.2374086,-6.22093,4.1092277,-0.89908457,1,1
OP10,map_b_split_lane_v2,20,2162,2142,-4.0820045,0.4344833,-0.19859745,-7.8170705,-1.4284453,-1.4403143,-1.4850163,-1.4777689,-2.9157972,3.3502805,1.8747976,1,0
OP10,map_b_split_lane_v2,21,2163,2142,-6.9593005,-3.8739555,-9.699328,-2.1917694,-1.3245065,-1.3036745,-1.3319483,-1.373234,-5.6810884,1.807133,-2.570281,3,1
OP10,map_b_split_lane_v2,22,2164,2142,-5.5488157,-7.7699575,-5.601415,-2.640104,-1.2570596,-1.2704475,-1.3676257,-1.3083785,-5.3900733,-2.3798842,-6.49951,3,0
OP10,map_b_split_lane_v2,23,2165,2142,-1.4213046,-5.0228934,-2.4857144,-5.8607044,-1.4048798,-1.3097804,-1.39116,-1.4037526,-3.6976542,-1.3252392,-3.713113,0,1
OP10,map_b_split_lane_v2,24,2166,2142,-2.4972124,-8.434365,-1.5296559,-7.906325,-1.245404,-1.2415946,-1.3436346,-1.2882924,-5.0918894,-3.342476,-7.192771,2,1
OP10,map_b_split_lane_v2,25,2167,2142,-6.6941524,-12.983896,-3.4639149,-7.8421497,-1.0832832,-1.0048108,-1.15012,-1.0799348,-7.7460284,-5.237868,-11.979086,2,1
OP10,map_b_split_lane_v2,26,2168,2142,-7.6790147,-5.481911,-3.0144458,-8.026385,-1.1208856,-1.0284288,-1.2296572,-1.1650329,-6.050439,0.5685277,-4.4534826,2,1
OP10,map_b_split_lane_v2,27,2169,2142,-0.012545743,-8.111403,-0.85610193,-0.43190774,-1.3855872,-1.2955153,-1.4798918,-1.4497468,-2.3529897,-5.758414,-6.8158884,0,1
OP10,map_b_split_lane_v2,28,2170,2142,-3.0080886,-8.581063,-0.16994764,-3.9865143,-1.3993356,-1.2886343,-1.3565414,-1.4177017,-3.9364033,-4.64466,-7.292429,2,1
OP10,map_b_split_lane_v2,29,2171,2142,-1.8906835,-15.870702,-4.4286184,-1.9590396,-1.0358553,-1.0163386,-1.0858223,-1.0045197,-6.0372605,-9.833441,-14.854363,0,3
OP10,map_b_split_lane_v2,30,2172,2142,-11.713657,-0.71528864,-1.339536,-0.47881714,-1.2262692,-1.2427449,-1.3387825,-1.2725556,-3.5618246,2.846536,0.5274563,3,0
OP10,map_b_split_lane_v2,31,2173,2142,-9.780646,-2.484294,-5.482945,-4.6242557,-0.99142617,-0.9601255,-1.0375409,-0.93683714,-5.593035,3.1087413,-1.5241685,1,3
OP10,map_b_split_lane_v2,32,2174,2142,-8.471416,-9.08317,-2.5942059,-11.975249,-1.0928316,-1.0877404,-1.1537402,-1.0860615,-8.031011,-1.0521593,-7.9954295,2,3
OP10,map_b_split_lane_v2,33,2175,2142,0.19783013,-2.2614808,-7.882212,-6.6651974,-0.9910623,-0.93842137,-1.0452104,-1.0049129,-4.1527653,1.8912845,-1.3230594,0,1
OP10,map_b_split_lane_v2,34,2176,2142,-5.448098,-1.2876627,0.16130301,0.5344551,-1.3218789,-1.1792011,-1.3130729,-1.3777025,-1.5100006,0.22233784,-0.10846162,3,1
OP10,map_b_split_lane_v2,35,2177,2142,-3.0747807,-1.887468,-4.986208,-2.0658157,-1.5222645,-1.4966033,-1.5169277,-1.5451005,-3.0035682,1.1161002,-0.39086473,1,1
OP10,map_b_split_lane_v2,36,2178,2142,-0.19593732,-1.550443,-6.883261,-1.09559,-1.4706094,-1.3531945,-1.4232264,-1.5134501,-2.4313078,0.88086474,-0.19724858,0,1
OP10,map_b_split_lane_v2,37,2179,2142,-10.570166,-1.5313805,-4.9637814,-0.4851419,-1.0373976,-0.9987417,-1.1288991,-1.0723603,-4.387617,2.8562365,-0.53263885,3,1
OP10,map_b_split_lane_v2,38,2180,2142,-9.599882,-10.460898,-7.317399,-0.8621892,-1.0980692,-1.046241,-1.1334393,-1.1241684,-7.0600915,-3.400807,-9.414658,3,1
OP10,map_b_split_lane_v2,39,2181,2142,-15.025772,-0.25769192,-7.888385,-5.3202076,-1.4785752,-1.3705761,-1.5011778,-1.5398748,-7.123014,6.865322,1.1128843,1,1
OP10,map_b_split_lane_v2,40,2182,2142,-8.298729,-2.7674003,-4.6371403,-1.136507,-1.200191,-1.1606705,-1.1843491,-1.2279477,-4.2099442,1.442544,-1.6067297,3,1
OP10,map_b_split_lane_v2,41,2183,2142,-7.988263,-0.4554298,-1.0183777,-6.073945,-1.0525641,-0.9506517,-1.0375867,-1.0152273,-3.8840039,3.428574,0.4952219,1,1
OP10,map_b_split_lane_v2,42,2184,2142,-1.2821871,-3.8711305,-0.97033495,-1.5831603,-1.2347252,-1.1441092,-1.2688906,-1.2502544,-1.9267032,-1.9444273,-2.7270212,2,1
OP10,map_b_split_lane_v2,43,2185,2142,-0.20321707,-20.862953,0.35019493,-1.3336298,-1.2468147,-1.2018096,-1.2981651,-1.3076434,-5.512401,-15.350552,-19.661144,2,1
OP10,map_b_split_lane_v2,44,2186,2142,-0.74786603,-1.5635808,-3.5877383,-12.889746,-1.3913391,-1.2964678,-1.4500318,-1.4762194,-4.6972327,3.133652,-0.26711297,0,1
OP10,map_b_split_lane_v2,45,2187,2142,-2.2076986,-3.1448421,-0.68869257,-1.2107531,-0.99586177,-0.9333454,-1.0469217,-0.9690954,-1.8129966,-1.3318455,-2.2114968,2,1
OP10,map_b_split_lane_v2,46,2188,2142,-1.148777,-0.8086032,-1.4020389,-14.726119,-1.2008784,-1.2193244,-1.2670462,-1.2266555,-4.5213847,3.7127814,0.41072112,1,0
OP10,map_b_split_lane_v2,47,2189,2142,-2.216849,-6.6489034,-5.1900244,-3.62808,-1.4627409,-1.3090672,-1.4014707,-1.4886558,-4.4209642,-2.2279391,-5.339836,0,1
OP10,map_b_split_lane_v2,48,2190,2142,-14.401672,-12.941263,-10.050804,-5.745366,-1.2187307,-1.2340162,-1.3806903,-1.3054628,-10.784776,-2.1564875,-11.707247,3,0
OP10,map_b_split_lane_v2,49,2191,2142,-9.009941,-1.0171456,-2.680051,-9.774075,-1.5187674,-1.5515449,-1.5664456,-1.5092607,-5.620303,4.6031575,0.5343993,1,3
OP10,map_b_split_lane_v2,50,2192,2142,-2.3572927,-8.268985,-1.7303008,-0.32708263,-1.1755714,-1.1214635,-1.2962794,-1.217612,-3.1709154,-5.098069,-7.147521,3,1
OP10,map_b_split_lane_v2,51,2193,2142,-11.921196,-6.109605,-8.186955,-4.056679,-1.5128274,-1.4745452,-1.5678017,-1.5667987,-7.5686083,1.4590034,-4.6350594,3,1
OP10,map_b_split_lane_v2,52,2194,2142,-11.194536,-0.27724162,-1.2166693,-4.459578,-1.1492183,-1.140127,-1.2308321,-1.1713371,-4.2870064,4.0097647,0.86288536,1,1
OP10,map_b_split_lane_v2,53,2195,2142,-0.3230505,-11.6463785,-6.197917,-13.70068,-1.3727093,-1.2660649,-1.4243319,-1.3969688,-7.9670067,-3.6793718,-10.380314,0,1
OP10,map_b_split_lane_v2,54,2196,2142,-5.911537,-2.33018,-0.9736502,-4.067886,-1.3042867,-1.2688317,-1.3263018,-1.3115575,-3.3208132,0.99063325,-1.0613482,2,1
OP10,map_b_split_lane_v2,55,2197,2142,-9.292362,-0.69655627,-0.13771564,-0.26680356,-1.2088165,-1.0764301,-1.1838725,-1.2247498,-2.5983593,1.901803,0.3798738,2,1
OP10,map_b_split_lane_v2,56,2198,2142,-10.509981,-8.509317,-12.544023,-7.9551735,-1.4083383,-1.3595588,-1.4632559,-1.4404535,-9.879623,1.370306,-7.1497583,3,1
OP10,map_b_split_lane_v2,57,2199,2142,-3.1446216,-2.1483316,-0.41129604,-5.1880317,-1.3647425,-1.3539748,-1.4347074,-1.3712437,-2.7230701,0.5747385,-0.7943568,2,1
OP10,map_b_split_lane_v2,58,2200,2142,-3.6416066,-1.3011734,-6.1029205,-1.0405294,-1.3023903,-1.264297,-1.3286858,-1.2800534,-3.0215573,1.7203839,-0.03687644,3,1
OP10,map_b_split_lane_v2,59,2201,2142,-3.748627,-7.4835734,-0.5375391,-14.210941,-1.071485,-1.0503957,-1.1226559,-1.0490321,-6.4951706,-0.98840284,-6.433178,2,3
OP10,map_b_split_lane_v2,60,2202,2142,-4.336055,-7.580878,-7.051305,-14.214801,-1.3806708,-1.3765235,-1.4164321,-1.431207,-8.29576,0.7148824,-6.2043543,0,1
OP10,map_b_split_lane_v2,61,2203,2142,-2.2607918,-13.772713,-6.509451,-4.6743784,-1.2675893,-1.2120249,-1.2773101,-1.2923799,-6.8043337,-6.968379,-12.560688,0,1
OP10,map_b_split_lane_v2,62,2204,2142,-1.4456427,-0.60267866,-0.4193637,-2.7349925,-1.1628275,-1.112083,-1.1468825,-1.1850429,-1.3006694,0.6979908,0.5094043,2,1
OP10,map_b_split_lane_v2,63,2205,2142,-10.002458,-3.9271424,-3.0685828,-15.535577,-1.0517972,-0.9676541,-1.1612418,-1.0744505,-8.13344,4.206298,-2.9594884,2,1
OP10,map_b_split_lane_v2,64,2206,2142,0.099624194,-3.0643227,-11.181182,-2.0959463,-1.2611642,-1.1925907,-1.2969537,-1.3226049,-4.0604568,0.99613404,-1.871732,0,1
OP10,map_b_split_lane_v2,65,2207,2142,-4.6199994,-1.8870158,-0.14027448,-1.8901602,-1.2741454,-1.2883432,-1.416589,-1.3373988,-2.1343625,0.24734664,-0.5986726,2,0
OP10,map_b_split_lane_v2,66,2208,2142,-6.6738415,-15.456896,-18.08828,-16.413763,-1.1160254,-1.0984619,-1.1741271,-1.0879068,-14.1581955,-1.2987003,-14.358434,0,3
OP10,map_b_split_lane_v2,67,2209,2142,-4.490855,-9.443855,-5.1709585,-6.358726,-1.279691,-1.250634,-1.3128612,-1.2902246,-6.366099,-3.0777564,-8.193221,0,1
OP10,map_b_split_lane_v2,68,2210,2142,-2.5162783,-5.3218827,-2.5634847,-11.880141,-1.2022595,-1.1783726,-1.323055,-1.2305498,-5.570447,0.24856424,-4.14351,0,1
OP10,map_b_split_lane_v2,69,2211,2142,-2.4814725,-2.213649,-0.14689754,-1.6041977,-1.1359737,-1.1245592,-1.1892576,-1.1209404,-1.6115541,-0.6020949,-1.0890899,2,3
OP10,map_b_split_lane_v2,70,2212,2142,0.058228273,-0.31694737,-0.32191908,-14.45234,-1.4206092,-1.2868023,-1.3472011,-1.4534123,-3.7582445,3.441297,0.96985495,0,1
OP10,map_b_split_lane_v2,71,2213,2142,-3.035031,-1.3189505,-10.472482,-6.2437735,-1.0062821,-0.93557805,-1.0278649,-1.0070895,-5.267559,3.9486084,-0.3833725,1,1
OP10,map_b_split_lane_v2,72,2214,2142,-4.439771,-4.205272,-8.891164,-5.560155,-1.0317726,-1.019951,-1.0869763,-0.9838005,-5.774091,1.5688186,-3.1853213,1,3
OP10,map_b_split_lane_v2,73,2215,2142,-2.318059,-9.771602,-11.268332,-14.419255,-1.6754408,-1.6740937,-1.7286937,-1.7245574,-9.444312,-0.32728958,-8.097507,0,1
OP10,map_b_split_lane_v2,74,2216,2142,-0.6998725,0.0013913877,-7.9193616,-0.6247863,-1.2517517,-1.2079096,-1.256561,-1.2534025,-2.3106573,2.3120487,1.209301,1,1
OP10,map_b_split_lane_v2,75,2217,2142,-4.6674914,-0.583435,-10.719091,-4.0973005,-1.0794647,-1.0415461,-1.1407261,-1.0838678,-5.0168295,4.4333944,0.4581111,1,1
OP10,map_b_split_lane_v2,76,2218,2142,-4.2983737,-1.8536427,-11.633912,-15.039088,-1.156404,-1.1993678,-1.221133,-1.179625,-8.206254,6.3526115,-0.65427494,1,0
OP10,map_b_split_lane_v2,77,2219,2142,-6.9823217,-1.5695949,-6.2278156,-1.7736685,-1.3692639,-1.3014927,-1.3684363,-1.4003727,-4.13835,2.5687551,-0.26810217,1,1
OP10,map_b_split_lane_v2,78,2220,2142,-0.25937998,-11.356252,-3.970211,-3.5647614,-1.0887532,-1.092593,-1.1487942,-1.0756667,-4.787651,-6.5686007,-10.263659,0,3
OP10,map_b_split_lane_v2,79,2221,2142,-14.760781,-12.046892,-6.662234,-10.694657,-1.0765972,-1.0649745,-1.1179221,-1.0473316,-11.0411415,-1.0057507,-10.981917,2,3
OP10,map_b_split_lane_v2,80,2222,2142,-10.671172,-4.87539,-11.979881,-12.4406595,-1.0732226,-1.0422671,-1.1272607,-1.0520954,-9.9917755,5.1163855,-3.833123,1,1
OP10,map_b_split_lane_v2,81,2223,2142,-3.5829341,-0.75985116,-3.3506567,-9.400273,-1.2585363,-1.2373269,-1.3270428,-1.3453686,-4.273429,3.5135777,0.4774757,1,1
OP10,map_b_split_lane_v2,82,2224,2142,-0.95203567,-10.983813,-1.404473,-1.2730638,-1.270144,-1.2111442,-1.3174243,-1.2448406,-3.6533465,-7.3304667,-9.772669,0,1
OP10,map_b_split_lane_v2,83,2225,2142,-1.2342502,-3.382891,-3.251986,-19.522297,-1.3207972,-1.2700286,-1.352061,-1.3710408,-6.847856,3.464965,-2.1128623,0,1
OP10,map_b_split_lane_v2,84,2226,2142,-20.591722,-9.950965,-13.39531,-8.252293,-1.1428769,-1.0971191,-1.1978576,-1.1934209,-13.047572,3.0966072,-8.853846,3,1
OP10,map_b_split_lane_v2,85,2227,2142,-0.656909,-6.1147547,-0.3426438,-1.3427076,-1.497669,-1.4835107,-1.5549726,-1.5282028,-2.1142538,-4.0005007,-4.6312437,2,1
OP10,map_b_split_lane_v2,86,2228,2142,-8.255173,-5.1317906,-0.94097346,-7.012596,-1.3579423,-1.2942,-1.4050057,-1.4273636,-5.335133,0.20334244,-3.8375907,2,1
OP10,map_b_split_lane_v2,87,2229,2142,-2.7695606,-3.773974,-8.388192,-0.40572456,-1.2545853,-1.224098,-1.329601,-1.2520392,-3.8343627,0.060388803,-2.549876,3,1
OP10,map_b_split_lane_v2,88,2230,2142,-2.213651,-13.449263,-4.509638,-8.035007,-1.4873192,-1.3454988,-1.5504329,-1.5686553,-7.0518894,-6.397373,-12.103764,0,1
OP10,map_b_split_lane_v2,89,2231,2142,-3.8141167,-0.47030407,-2.8660393,-0.6550053,-1.3352051,-1.2822068,-1.3584313,-1.3819201,-1.9513664,1.4810624,0.8119027,1,1
OP10,map_b_split_lane_v2,90,2232,2142,-1.8665801,-4.6025743,-8.751602,-4.7771254,-1.1038742,-1.12973,-1.1857953,-1.1193721,-4.9994707,0.39689636,-3.4728444,0,0
OP10,map_b_split_lane_v2,91,2233,2142,-8.96315,-8.261965,-1.5520597,-6.250956,-1.2782013,-1.2848833,-1.3297513,-1.2735164,-6.2570324,-2.0049324,-6.9770813,2,3
OP10,map_b_split_lane_v2,92,2234,2142,-4.3169966,-3.3079374,-5.4804053,-3.024631,-1.3067636,-1.2987871,-1.3338962,-1.2974834,-4.0324926,0.72455525,-2.0091503,3,3
OP10,map_b_split_lane_v2,93,2235,2142,-11.378115,-2.6069596,-4.250906,-7.10974,-1.1468737,-1.1622868,-1.2147634,-1.142153,-6.33643,3.7294705,-1.4446728,1,3
OP10,map_b_split_lane_v2,94,2236,2142,-18.817135,-7.2650275,-3.6124675,-2.1800895,-1.1629725,-1.1216867,-1.1553397,-1.1711009,-7.96868,0.7036524,-6.143341,3,1
OP10,map_b_split_lane_v2,95,2237,2142,-7.82602,-3.1749902,-6.1226573,-6.9799476,-1.1449668,-1.09484,-1.1608698,-1.1702967,-6.0259037,2.8509135,-2.0801501,1,1
OP10,map_b_split_lane_v2,96,2238,2142,-7.356291,-4.345845,-2.777652,-5.3448825,-1.0812998,-0.98499864,-1.1873665,-1.1123116,-4.9561677,0.6103225,-3.3608465,2,1
OP10,map_b_split_lane_v2,97,2239,2142,-4.4452887,-10.018838,-7.074452,-6.699965,-1.3620524,-1.2849658,-1.394367,-1.3179212,-7.0596356,-2.9592023,-8.733872,0,1
OP10,map_b_split_lane_v2,98,2240,2142,-8.515682,-5.1864243,-1.5809928,-1.7005024,-1.370178,-1.299293,-1.3931224,-1.4420359,-4.2459,-0.9405241,-3.8871312,2,1
OP10,map_b_split_lane_v2,99,2241,2142,-1.4076267,-2.5137165,-7.757357,-3.3115451,-1.0785854,-0.99698716,-1.1053615,-1.0885115,-3.7475615,1.233845,-1.5167294,0,1
OP8,map_b,0,42,42,-1.970866,0.47843462,-4.908213,-2.6958601,-1.2462087,-1.232496,-1.312854,-1.2432518,-2.274126,2.7525606,1.7109306,1,1
OP8,map_b,1,43,42,-1.738386,-3.29425,-1.1305611,-7.634068,-1.1392643,-1.1396441,-1.204642,-1.1272495,-3.4493165,0.15506649,-2.1546059,2,3
OP8,map_b,2,44,42,-2.9405193,-0.7690698,-3.6876569,-1.6758357,-1.4344301,-1.4277537,-1.5361054,-1.4638386,-2.2682705,1.4992007,0.6586839,1,1
OP8,map_b,3,45,42,-3.51141,-1.9900758,-2.4933136,-3.9932668,-1.4248569,-1.3959622,-1.521235,-1.5231524,-2.9970167,1.0069408,-0.5941136,1,1
OP8,map_b,4,46,42,-1.5252924,-0.79412055,-1.9772849,-12.728918,-1.4149046,-1.38746,-1.4433973,-1.4999323,-4.256404,3.4622834,0.59333944,1,1
OP8,map_b,5,47,42,-3.3864632,-1.6483501,-5.2756157,-2.3430467,-1.2590344,-1.2127037,-1.2881794,-1.276828,-3.1633687,1.5150186,-0.4356464,1,1
OP8,map_b,6,48,42,-2.0773058,-2.080938,-3.1172698,-2.8626902,-1.2903616,-1.269012,-1.371244,-1.2995312,-2.534551,0.4536128,-0.8119261,0,1
OP8,map_b,7,49,42,0.029032838,-0.343228,-0.17147604,-1.011712,-1.3562222,-1.3305335,-1.4021478,-1.3729875,-0.37434578,0.031117767,0.9873055,0,1
OP8,map_b,8,50,42,-2.1678503,-5.0224347,-3.917394,-2.379657,-1.2801237,-1.2699988,-1.3158295,-1.3377306,-3.3718338,-1.6506009,-3.752436,0,1
OP8,map_b,9,51,42,-1.6917088,-1.9816362,-4.1899257,-6.7353916,-1.0963762,-1.0814009,-1.1705275,-1.05937,-3.6496656,1.6680294,-0.9002353,0,3
OP8,map_b,10,52,42,-1.3341782,-2.2933931,-10.167489,-2.833586,-1.3998713,-1.3869085,-1.4449325,-1.4268191,-4.1571617,1.8637686,-0.9064846,0,1
OP8,map_b,11,53,42,-1.8412237,-1.3960166,-2.845794,-1.1412628,-1.1171975,-1.0848937,-1.1193328,-1.1556923,-1.8060744,0.41005778,-0.3111229,3,1
OP8,map_b,12,54,42,-6.785409,-0.33776483,-3.2070985,-4.4742384,-1.4055808,-1.4017162,-1.5017848,-1.4894114,-3.7011278,3.363363,1.0639514,1,1
OP8,map_b,13,55,42,-0.94727105,-2.6747093,-0.69309616,-10.683051,-1.2991712,-1.3155546,-1.3895733,-1.3550565,-3.749532,1.0748227,-1.3591547,2,0
OP8,map_b,14,56,42,-0.43780667,-2.2906885,-1.9511566,-2.716512,-1.236989,-1.2562749,-1.3170516,-1.2911785,-1.849041,-0.44164753,-1.0344136,0,0
OP8,map_b,15,57,42,-7.837709,-8.493254,-3.3363757,-5.2366705,-1.0857406,-0.99958336,-1.1026514,-1.0877192,-6.2260027,-2.267251,-7.4936705,2,1
OP8,map_b,16,58,42,-3.223197,-1.6922109,-1.1239771,-0.74130344,-1.213134,-1.1145921,-1.2728369,-1.1918783,-1.6951722,0.002961278,-0.57761884,3,1
OP8,map_b,17,59,42,-3.9190893,-6.349588,-7.5225096,-0.52662486,-1.162571,-1.1065543,-1.143832,-1.1802635,-4.579453,-1.7701349,-5.2430334,3,1
OP8,map_b,18,60,42,-4.479985,-0.48309988,-1.9853188,-10.608533,-1.0339527,-1.0009847,-1.080637,-0.99744684,-4.389234,3.9061341,0.5178848,1,3
OP8,map_b,19,61,42,-1.4161013,-10.112506,-1.07895,-2.3840692,-1.1733806,-1.1010466,-1.1730254,-1.1641643,-3.7479067,-6.364599,-9.011459,2,1
OP8,map_b,20,62,42,-2.7301571,-2.6628716,-4.185375,-0.8710003,-1.0289764,-0.9278571,-1.1108797,-1.0129166,-2.612351,-0.05052066,-1.7350144,3,1
OP8,map_b,21,63,42,-0.7466687,-2.1459045,-3.6568334,-1.146833,-1.3905354,-1.3433192,-1.4697766,-1.4441848,-1.92406,-0.22184455,-0.80258536,0,1
OP8,map_b,22,64,42,-8.787764,-0.45040733,-2.3706965,-3.7330832,-1.1604867,-1.1410758,-1.268549,-1.1604486,-3.8354878,3.3850806,0.6906685,1,1
OP8,map_b,23,65,42,-0.54824984,-6.009819,-1.5271922,-0.5615358,-1.2073691,-1.1344602,-1.2053475,-1.2451231,-2.1616993,-3.8481197,-4.8753586,0,1
OP8,map_b,24,66,42,-4.4589586,-0.6254776,-1.7162229,-3.112641,-1.4473078,-1.3660765,-1.5030549,-1.538691,-2.4783251,1.8528476,0.74059886,1,1
OP8,map_b,25,67,42,-6.4205227,-4.5204573,-2.1592689,-4.452223,-0.9751462,-0.9943884,-1.0405166,-0.97372854,-4.388118,-0.13233948,-3.526069,2,3
OP8,map_b,26,68,42,-4.5704455,-1.5112802,-1.7775419,-1.0394455,-1.3082895,-1.3092678,-1.461745,-1.4310958,-2.2246783,0.7133981,-0.20201242,3,0
OP8,map_b,27,69,42,-8.843868,-1.619215,-4.125332,-3.1074483,-1.4159381,-1.2793598,-1.408092,-1.3704307,-4.423966,2.804751,-0.3398552,1,1
OP8,map_b,28,70,42,-0.8309988,-5.9259667,-5.1642237,-2.9815047,-1.317163,-1.1891954,-1.3217356,-1.3517973,-3.7256734,-2.2002933,-4.7367716,0,1
OP8,map_b,29,71,42,-5.7387958,-5.068971,-2.2132564,-1.5148373,-1.8860474,-1.8005462,-1.9333446,-1.9012167,-3.633965,-1.4350061,-3.268425,3,1
OP8,map_b,30,72,42,-3.5073001,-3.9032536,-3.3999088,-3.9410987,-1.1427531,-1.0705776,-1.1820698,-1.1542697,-3.6878905,-0.21536303,-2.832676,2,1
OP8,map_b,31,73,42,-1.679865,-2.3141603,-0.6270443,-8.330585,-1.1472154,-1.1534133,-1.2210963,-1.1609173,-3.2379136,0.92375326,-1.160747,2,0
OP8,map_b,32,74,42,-0.08605391,-1.7465749,-2.1241915,-1.8900439,-1.1110339,-1.0769455,-1.1608665,-1.0375011,-1.461716,-0.28485882,-0.66962934,0,3
OP8,map_b,33,75,42,-2.4780452,-9.705352,-15.47249,-1.4229889,-1.3851767,-1.303751,-1.476691,-1.4735022,-7.269719,-2.4356327,-8.401601,3,1
OP8,map_b,34,76,42,-1.1246661,-7.0739484,-2.2044258,-3.9825485,-1.309592,-1.2871706,-1.348911,-1.3022115,-3.5963972,-3.4775512,-5.7867775,0,1
OP8,map_b,35,77,42,-2.5257554,-1.8678008,-3.9873064,-1.7564328,-1.5328238,-1.5530319,-1.6152546,-1.573416,-2.5343237,0.66652286,-0.3147689,3,0
OP8,map_b,36,78,42,-1.9785154,-1.6804385,-0.646253,-1.4373165,-1.5147004,-1.3458261,-1.5033619,-1.4842052,-1.4356308,-0.24480772,-0.33461237,2,1
OP8,map_b,37,79,42,-1.9135075,-1.8711047,-2.4341967,-2.2121446,-1.2718122,-1.262373,-1.3424506,-1.2832875,-2.1077385,0.23663378,-0.60873175,1,1
OP8,map_b,38,80,42,-7.7158613,-3.6371732,-2.8435209,-3.195359,-1.2942727,-1.2195692,-1.2891831,-1.294826,-4.3479786,0.7108054,-2.417604,2,1
OP8,map_b,39,81,42,-3.2218802,-3.0212164,-1.0754657,-1.8476093,-1.2362401,-1.2202468,-1.3532808,-1.2833297,-2.2915428,-0.7296736,-1.8009696,2,1
OP8,map_b,40,82,42,-1.8910807,-1.923427,-2.943789,-1.4580932,-1.2904553,-1.1621587,-1.2839842,-1.33356,-2.0540977,0.13067067,-0.76126826,3,1
OP8,map_b,41,83,42,-6.318167,-6.081618,-7.9555097,-5.131503,-1.0809379,-1.0011923,-1.1087375,-1.1046524,-6.3716993,0.2900815,-5.0804253,3,1
OP8,map_b,42,84,42,-2.4382555,-1.8630755,-3.3743792,-1.5190682,-1.464257,-1.332506,-1.4274108,-1.4638968,-2.2986946,0.43561912,-0.53056955,3,1
OP8,map_b,43,85,42,-1.9688017,-4.616524,-10.886026,-7.181067,-1.0738473,-1.1073179,-1.1423111,-1.0760238,-6.1631045,1.5465803,-3.5092063,0,0
OP8,map_b,44,86,42,-2.1680963,-1.9345376,-4.435085,-1.6317118,-1.2567391,-1.1671836,-1.319773,-1.2909927,-2.5423577,0.60782003,-0.767354,3,1
OP8,map_b,45,87,42,-1.0011661,-0.7324042,-2.0500345,-2.603456,-1.0661969,-0.97509414,-1.1648111,-1.0776279,-1.5967653,0.8643611,0.24268997,1,1
OP8,map_b,46,88,42,-0.7171918,-4.7928057,0.2778144,-0.107936725,-1.3842015,-1.2022424,-1.364157,-1.4412372,-1.33503,-3.4577756,-3.5905633,2,1
OP8,map_b,47,89,42,-12.790889,-1.8782203,-3.0601447,-0.97653353,-1.5419409,-1.556283,-1.624958,-1.6419239,-4.676447,2.7982266,-0.32193732,3,0
OP8,map_b,48,90,42,-7.2053304,-0.74791104,-1.1912084,0.046776313,-1.3604233,-1.2627363,-1.346833,-1.3473771,-2.274418,1.5265071,0.5148253,3,1
OP8,map_b,49,91,42,-1.86866,-3.788676,-2.6374454,-1.6783783,-1.4864347,-1.3942177,-1.4335034,-1.4918487,-2.49329,-1.2953861,-2.3944583,3,1
OP8,map_b,50,92,42,-13.321991,-7.1267314,-3.622272,-2.591236,-1.1947024,-1.147687,-1.2490723,-1.1530645,-6.665558,-0.46117353,-5.9790444,3,1
OP8,map_b,51,93,42,-1.8445371,-0.7065542,-2.8944094,-0.6095183,-1.3769586,-1.3367326,-1.3978486,-1.4549735,-1.5137546,0.80720043,0.63017845,3,1
OP8,map_b,52,94,42,-0.77555233,-1.9374161,-0.58333325,-5.43129,-1.5748377,-1.5901117,-1.6428473,-1.6291685,-2.1818979,0.2444818,-0.34730434,2,0
OP8,map_b,53,95,42,-0.15651351,-1.5142326,-3.9616485,0.2088124,-1.2493486,-1.2459788,-1.3582635,-1.2898941,-1.3558956,-0.158337,-0.2682538,3,1
OP8,map_b,54,96,42,-1.3900843,-2.103273,-4.624017,-2.1044977,-1.2622769,-1.1768827,-1.3809953,-1.2949672,-2.555468,0.45219517,-0.9263902,0,1
OP8,map_b,55,97,42,-8.3217535,-1.2243667,-1.5705273,-1.4276023,-1.5605657,-1.5642047,-1.5940318,-1.5805874,-3.1360621,1.9116955,0.33983803,1,0
OP8,map_b,56,98,42,-4.9703636,-3.560915,-4.5980024,-5.6985736,-1.3113909,-1.170037,-1.2332461,-1.3445201,-4.7069635,1.1460485,-2.390878,1,1
OP8,map_b,57,99,42,-2.5548682,-1.514266,-4.1276937,-1.0833663,-1.671026,-1.5774541,-1.738266,-1.7393887,-2.3200486,0.80578256,0.063188076,3,1
OP8,map_b,58,100,42,-3.2732198,-0.8146256,-1.0043464,-3.5927095,-1.1333721,-1.1024148,-1.1843908,-1.1224892,-2.1712253,1.3565997,0.28778923,1,1
OP8,map_b,59,101,42,-1.9101214,-0.86412007,-4.358114,-1.2449254,-1.2488251,-1.2139204,-1.322705,-1.2415836,-2.09432,1.2302,0.3498003,1,1
OP8,map_b,60,102,42,-2.1845615,-1.1567519,-6.698588,-0.7335711,-1.1839826,-1.102237,-1.2931426,-1.2038608,-2.6933682,1.5366163,-0.054514885,3,1
OP8,map_b,61,103,42,-0.6357421,-2.333148,-5.7470484,-4.6411953,-1.294903,-1.2425342,-1.3273249,-1.3413324,-3.3392835,1.0061355,-1.0906138,0,1
OP8,map_b,62,104,42,-2.6793718,-0.7332781,-3.6446664,-3.316349,-1.2362938,-1.2157552,-1.2800021,-1.2187939,-2.5934162,1.8601382,0.48247713,1,1
OP8,map_b,63,105,42,-7.7729454,-0.8014955,-0.9299584,-2.2765732,-1.1027555,-1.015964,-1.1914301,-1.1212523,-2.9452431,2.1437476,0.21446854,1,1
OP8,map_b,64,106,42,-3.3251324,-8.277428,-2.3376908,-1.6069418,-1.1400931,-1.1079981,-1.2132425,-1.1380343,-3.8867981,-4.39063,-7.16943,3,1
OP8,map_b,65,107,42,-3.1638854,-2.0580232,-2.7518535,-5.3738346,-1.1077955,-1.123831,-1.2063234,-1.1157889,-3.3368993,1.2788761,-0.9341922,1,0
OP8,map_b,66,108,42,-0.6968252,-3.110263,-3.8607314,-0.48468176,-1.37903,-1.399924,-1.4596429,-1.4380162,-2.0381255,-1.0721376,-1.7103391,3,0
OP8,map_b,67,109,42,-1.6690984,-4.021868,-1.1484902,-0.457163,-1.1637573,-1.0870488,-1.2707431,-1.191402,-1.8241549,-2.1977134,-2.9348195,3,1
OP8,map_b,68,110,42,-5.986227,-4.0029106,-3.8765907,-0.40436527,-1.1590226,-1.0162644,-1.1560292,-1.2070565,-3.5675235,-0.43538713,-2.9866462,3,1
OP8,map_b,69,111,42,-0.6970446,-6.9398932,-0.7666132,-2.8190536,-1.2379515,-1.2665665,-1.3440711,-1.2749944,-2.8056512,-4.134242,-5.6733265,0,0
OP8,map_b,70,112,42,-1.6976076,-3.6126063,-4.7714343,-0.6147528,-1.1400933,-1.0658869,-1.2231774,-1.155299,-2.6741002,-0.9385061,-2.5467196,3,1
OP8,map_b,71,113,42,-1.9487959,-2.5291524,-1.6164753,-0.52197826,-1.0573816,-1.0605495,-1.1275072,-1.0676825,-1.6541004,-0.875052,-1.4686029,3,0
OP8,map_b,72,114,42,-1.5798157,-7.4682026,-1.096799,-2.389765,-1.2875886,-1.3129086,-1.4549918,-1.3844213,-3.1336455,-4.334557,-6.155294,2,0
OP8,map_b,73,115,42,-3.872635,-2.8436186,-5.604723,-0.55552584,-1.3825712,-1.3011601,-1.4247367,-1.4399178,-3.2191255,0.37550688,-1.5424585,3,1
OP8,map_b,74,116,42,-0.71502006,-1.4217665,-0.016535673,-0.705647,-1.0607324,-1.0555,-1.1307993,-1.0376182,-0.7147423,-0.7070242,-0.3662665,2,3
OP8,map_b,75,117,42,-1.4776715,-2.7107234,-1.5392722,-1.1062323,-1.0463375,-1.035496,-1.1042316,-1.0233774,-1.7084749,-1.0022485,-1.6752274,3,3
OP8,map_b,76,118,42,-4.91492,-1.1461016,-5.5736628,-3.4908903,-1.0118551,-0.9800106,-1.0597954,-0.9742064,-3.7813935,2.635292,-0.16609097,1,3
OP8,map_b,77,119,42,-2.9681978,-6.1509,-12.2178335,-2.7928839,-1.1336639,-1.1492646,-1.1739686,-1.1448371,-6.0324535,-0.11844635,-5.0016356,3,0
OP8,map_b,78,120,42,-1.7487061,-2.6596045,-4.554888,-2.4361346,-1.0881805,-1.0134127,-1.1528368,-1.0888903,-2.8498333,0.1902287,-1.6461918,0,1
OP8,map_b,79,121,42,-1.5044405,-2.2995727,-2.4878292,-1.8263619,-1.1924787,-1.0987337,-1.3144438,-1.234035,-2.029551,-0.27002168,-1.200839,0,1
OP8,map_b,80,122,42,-0.45481777,-5.1498113,-2.1893313,-1.7849177,-1.1013999,-1.0163398,-1.1673236,-1.089309,-2.3947196,-2.7550917,-4.1334715,0,1
OP8,map_b,81,123,42,-2.6388092,-5.783676,-0.58197016,-2.3318436,-1.2804806,-1.192724,-1.2667847,-1.2946432,-2.8340747,-2.9496014,-4.590952,2,1
OP8,map_b,82,124,42,-5.689751,-15.060569,-4.68657,-1.531479,-1.5179143,-1.4508064,-1.5188389,-1.4939833,-6.742092,-8.318477,-13.609762,3,1
OP8,map_b,83,125,42,-6.9262123,-10.585469,-1.6056176,-3.5018122,-1.4539928,-1.521246,-1.5821762,-1.5733085,-5.6547775,-4.9306917,-9.064223,2,0
OP8,map_b,84,126,42,-0.8995714,-5.89362,-0.99104166,-3.2430813,-1.1691613,-1.0939648,-1.2186801,-1.2262912,-2.7568285,-3.1367915,-4.799655,0,1
OP8,map_b,85,127,42,-0.1989494,-1.5142336,-1.8775634,-6.6354346,-1.202677,-1.1567857,-1.2742229,-1.2505829,-2.5565453,1.0423117,-0.35744786,0,1
OP8,map_b,86,128,42,-12.054237,-1.6619912,-7.875883,-0.60527694,-1.3974061,-1.3096962,-1.4544497,-1.4840131,-5.549347,3.8873558,-0.35229504,3,1
OP8,map_b,87,129,42,-1.9785969,-0.57781065,-6.8195314,-10.452968,-1.4731581,-1.4501874,-1.4999292,-1.4536054,-4.9572268,4.379416,0.8723768,1,1
OP8,map_b,88,130,42,-2.6676893,-4.4499645,-2.055485,-2.6358685,-1.0534853,-1.0425138,-1.0985589,-1.0432307,-2.952252,-1.4977126,-3.4074507,2,1
OP8,map_b,89,131,42,-5.406041,-3.6867478,-2.161367,-3.9333436,-1.1629758,-1.0301957,-1.1373987,-1.1883805,-3.796875,0.11012721,-2.656552,2,1
OP8,map_b,90,132,42,-3.6420963,-2.9946961,-3.1289625,-3.1250412,-1.4786091,-1.3222585,-1.4281702,-1.4814682,-3.222699,0.22800279,-1.6724377,1,1
OP8,map_b,91,133,42,-4.4581285,-1.9001964,-8.125139,-2.2152958,-1.3050809,-1.2842047,-1.3402286,-1.3330898,-4.1746902,2.2744937,-0.6159917,1,1
OP8,map_b,92,134,42,-4.304478,-2.0979462,-1.0033729,-3.076962,-1.1896157,-1.102973,-1.2301712,-1.2181451,-2.6206899,0.5227437,-0.9949732,2,1
OP8,map_b,93,135,42,-2.7046363,-1.8087322,-1.7676831,-0.66245353,-1.1508214,-1.1464114,-1.1990776,-1.1822991,-1.7358763,-0.07285583,-0.66232073,3,1
OP8,map_b,94,136,42,-0.9291932,-6.6325884,-2.8839605,-1.7631097,-1.0814612,-1.0764854,-1.1625412,-1.0875106,-3.0522127,-3.5803757,-5.5561028,0,1
OP8,map_b,95,137,42,-0.8752454,-2.7786536,-2.5863318,-1.9200834,-1.1654785,-1.0670474,-1.1778929,-1.1841846,-2.0400784,-0.7385752,-1.7116063,0,1
OP8,map_b,96,138,42,-6.436825,-2.3364704,-6.815886,-4.362835,-1.2963974,-1.1905396,-1.329572,-1.2978275,-4.988004,2.6515338,-1.1459308,1,1
OP8,map_b,97,139,42,-1.690428,-2.394809,-5.2634363,-1.6969081,-1.3795655,-1.2332499,-1.3531823,-1.355195,-2.7613952,0.3665862,-1.1615591,0,1
OP8,map_b,98,140,42,-4.6812906,-5.5293245,-3.0316145,-7.1831355,-1.1919332,-1.1050384,-1.195107,-1.1917129,-5.1063414,-0.42298317,-4.424286,2,1
OP8,map_b,99,141,42,-3.1201563,-4.05414,-3.394264,-3.3948011,-1.2212341,-1.168478,-1.2431207,-1.2589278,-3.4908404,-0.56329966,-2.885662,0,1
OP8,map_b_split_lane_v2,0,142,142,-15.619515,-2.4345903,-3.3170385,-6.855957,-1.0842013,-0.99604553,-1.1032498,-1.0802581,-7.056775,4.6221848,-1.4385448,1,1
OP8,map_b_split_lane_v2,1,143,142,-1.7174667,-4.657867,-3.1861737,-4.7219853,-1.0381885,-1.0037925,-1.0978701,-0.9833697,-3.5708733,-1.0869937,-3.6540744,0,3
OP8,map_b_split_lane_v2,2,144,142,-6.1235285,-10.800611,-16.771952,-4.0234833,-1.4247265,-1.4337478,-1.4800537,-1.4250147,-9.4298935,-1.370717,-9.366863,3,0
OP8,map_b_split_lane_v2,3,145,142,-8.767399,-0.66006136,-1.1974187,-1.1960905,-1.1206415,-1.0667198,-1.1631045,-1.0772369,-2.9552422,2.2951808,0.4066584,1,1
OP8,map_b_split_lane_v2,4,146,142,-6.7327137,-8.821673,-4.425882,-4.5462623,-1.4641683,-1.5279279,-1.5934572,-1.5525031,-6.131633,-2.6900406,-7.2937455,2,0
OP8,map_b_split_lane_v2,5,147,142,-0.14756167,-3.0029292,-0.62459654,-2.389093,-1.2060599,-1.1062145,-1.1904941,-1.2131357,-1.5410451,-1.4618841,-1.8967147,0,1
OP8,map_b_split_lane_v2,6,148,142,-3.8573828,-0.041807294,-0.27871218,0.21602128,-1.2236886,-1.1383426,-1.2394295,-1.2701368,-0.99047023,0.94866294,1.0965353,3,1
OP8,map_b_split_lane_v2,7,149,142,-0.4207884,-8.090739,-3.80201,-3.318618,-1.6164687,-1.6186767,-1.6980398,-1.7263231,-3.9080389,-4.1827,-6.4720626,0,0
OP8,map_b_split_lane_v2,8,150,142,-1.3779635,-4.5398965,-3.047112,-0.6782198,-1.140156,-1.0496731,-1.1822863,-1.1161716,-2.4107978,-2.1290987,-3.4902234,3,1
OP8,map_b_split_lane_v2,9,151,142,-5.599534,-1.8061295,-12.688729,-0.8941019,-1.3089991,-1.2915003,-1.4047258,-1.3259311,-5.2471237,3.4409943,-0.5146291,3,1
OP8,map_b_split_lane_v2,10,152,142,-4.8425765,-4.6989202,-3.0764723,-7.717931,-1.2241049,-1.2099769,-1.2874243,-1.235745,-5.083975,0.3850546,-3.4889433,2,1
OP8,map_b_split_lane_v2,11,153,142,-3.7932158,-1.0618218,-3.8627863,-3.9529705,-1.4134533,-1.4037538,-1.4972279,-1.4953547,-3.1676986,2.105877,0.34193194,1,1
OP8,map_b_split_lane_v2,12,154,142,-0.6602826,-2.6420958,-2.1557105,-6.7419896,-1.2725422,-1.1719942,-1.3796611,-1.2902873,-3.0500197,0.40792394,-1.4701016,0,1
OP8,map_b_split_lane_v2,13,155,142,-4.9346924,-4.480063,-5.773305,-11.082725,-1.3817182,-1.241282,-1.3895359,-1.4364533,-6.567696,2.0876331,-3.238781,1,1
OP8,map_b_split_lane_v2,14,156,142,-0.8542929,-2.2715247,-6.5771294,-2.57165,-1.1101408,-1.0585243,-1.177202,-1.146807,-3.0686493,0.7971246,-1.2130004,0,1
OP8,map_b_split_lane_v2,15,157,142,-3.6751835,-9.009761,-10.333369,-3.927013,-1.4002564,-1.3910561,-1.4359772,-1.4497681,-6.736332,-2.273429,-7.618705,0,1
OP8,map_b_split_lane_v2,16,158,142,-0.704821,-0.8880315,-1.018966,-1.6675926,-1.2356181,-1.1966853,-1.2109613,-1.2804668,-1.0698527,0.18182123,0.30865383,0,1
OP8,map_b_split_lane_v2,17,159,142,-2.046465,-6.640292,-0.8989255,-14.262576,-1.4525833,-1.5271306,-1.5819116,-1.5677936,-5.9620647,-0.6782274,-5.1131616,2,0
OP8,map_b_split_lane_v2,18,160,142,-0.4096316,-3.3515859,-1.5520844,-1.27616,-1.497689,-1.4770415,-1.5539284,-1.5716479,-1.6473656,-1.7042203,-1.8745444,0,1
OP8,map_b_split_lane_v2,19,161,142,-5.191536,-5.2304344,0.5342515,-8.862064,-1.4360404,-1.4176116,-1.5329282,-1.4596646,-4.6874456,-0.5429888,-3.8128228,2,1
OP8,map_b_split_lane_v2,20,162,142,-11.546227,-3.2522218,-2.8992572,-3.8898497,-1.3575859,-1.3385644,-1.395513,-1.4132154,-5.3968887,2.144667,-1.9136574,2,1
OP8,map_b_split_lane_v2,21,163,142,-5.546673,-0.34305346,-1.6532698,-6.7991347,-1.2870142,-1.2573812,-1.3133464,-1.3071647,-3.5855327,3.2424793,0.91432774,1,1
OP8,map_b_split_lane_v2,22,164,142,-4.7179036,-6.9005175,-5.1871963,-9.166731,-1.4636745,-1.3708725,-1.5271311,-1.545594,-6.4930873,-0.40743017,-5.529645,0,1
OP8,map_b_split_lane_v2,23,165,142,-0.50634676,-2.1947749,-6.388025,-1.7701262,-1.4006066,-1.3228447,-1.4741063,-1.5088453,-2.7148182,0.5200434,-0.8719301,0,1
OP8,map_b_split_lane_v2,24,166,142,-8.181501,-16.742409,-1.0832088,-5.1754966,-1.4216774,-1.4639823,-1.5260451,-1.4949591,-7.795654,-8.946754,-15.278426,2,0
OP8,map_b_split_lane_v2,25,167,142,-1.4934446,-0.88139206,-1.2908458,-2.7158167,-1.2885318,-1.2072134,-1.3457277,-1.2823248,-1.5953748,0.71398276,0.32582134,1,1
OP8,map_b_split_lane_v2,26,168,142,-3.468021,-0.18368833,-15.027897,-1.3590546,-1.1606224,-1.0549195,-1.18941,-1.2027354,-5.009665,4.825977,0.87123114,1,1
OP8,map_b_split_lane_v2,27,169,142,-0.2783494,-2.2160366,-7.3556366,-1.1901549,-1.2588,-1.2527366,-1.3357744,-1.2566447,-2.7600443,0.5440078,-0.9633,0,1
OP8,map_b_split_lane_v2,28,170,142,-3.603309,-2.5788162,-4.1075883,-2.2871377,-1.1556656,-1.1194813,-1.20526,-1.1970825,-3.1442127,0.56539655,-1.4593349,3,1
OP8,map_b_split_lane_v2,29,171,142,-0.5322765,-8.909743,-8.48854,-1.5419014,-1.3181033,-1.190526,-1.2715654,-1.3564653,-4.868115,-4.0416284,-7.7192173,0,1
OP8,map_b_split_lane_v2,30,172,142,-0.55894953,-3.242027,-1.5344864,-0.4904019,-1.1109002,-1.1089499,-1.1558089,-1.0909603,-1.4564662,-1.7855608,-2.1330771,3,3
OP8,map_b_split_lane_v2,31,173,142,-0.31088406,-6.1638303,-9.687445,-5.203184,-1.1388927,-1.0361025,-1.1061857,-1.1506188,-5.341336,-0.8224945,-5.1277275,0,1
OP8,map_b_split_lane_v2,32,174,142,-15.410391,-4.455245,-5.904084,-5.385376,-1.1161537,-1.0716038,-1.1676421,-1.1514959,-7.7887735,3.3335285,-3.3836412,1,1
OP8,map_b_split_lane_v2,33,175,142,0.17008449,-8.4108925,-4.229822,-0.49172187,-1.4199772,-1.2626078,-1.3829339,-1.4310708,-3.240588,-5.1703043,-7.148285,0,1
OP8,map_b_split_lane_v2,34,176,142,-4.215971,-2.651449,-0.50021845,-1.1299838,-1.3243089,-1.2294891,-1.391743,-1.3068068,-2.1244056,-0.52704334,-1.4219599,2,1
OP8,map_b_split_lane_v2,35,177,142,-3.7164798,-2.6719131,-4.5024815,-3.0295374,-1.4736269,-1.3511429,-1.4319351,-1.5104575,-3.480103,0.80818987,-1.3207703,1,1
OP8,map_b_split_lane_v2,36,178,142,-6.13206,-0.92695016,-0.9613503,-5.7075562,-1.3006852,-1.2038875,-1.2964158,-1.3208921,-3.4319792,2.505029,0.2769373,1,1
OP8,map_b_split_lane_v2,37,179,142,-0.8930624,-1.4221624,-4.74081,-4.4089165,-1.3729317,-1.276104,-1.421386,-1.3866904,-2.8662379,1.4440755,-0.14605844,0,1
OP8,map_b_split_lane_v2,38,180,142,-1.4058688,-1.0448413,-0.42410806,-7.9884505,-1.3597081,-1.4026957,-1.4982698,-1.3769138,-2.7158172,1.6709759,0.35785437,2,0
OP8,map_b_split_lane_v2,39,181,142,-0.8045972,-0.66024876,-7.579047,-2.71583,-1.2547128,-1.1184967,-1.2496052,-1.3016491,-2.9399307,2.279682,0.4582479,1,1
OP8,map_b_split_lane_v2,40,182,142,-3.863598,0.4560018,-0.744594,-1.7305359,-1.1403604,-1.1375191,-1.1985857,-1.1372871,-1.4706815,1.9266833,1.5935209,1,3
OP8,map_b_split_lane_v2,41,183,142,-13.519631,-4.8035245,-2.8492146,-2.6106749,-1.2732089,-1.2713788,-1.2297492,-1.3136601,-5.9457617,1.1422372,-3.5321457,3,2
OP8,map_b_split_lane_v2,42,184,142,-3.6458454,-22.479467,-3.4285731,-1.6759475,-1.5346515,-1.5392509,-1.5653429,-1.6270566,-7.8074584,-14.6720085,-20.940216,3,0
OP8,map_b_split_lane_v2,43,185,142,-3.2420223,-13.553292,-9.224365,-0.6240421,-1.2144744,-1.1607401,-1.255224,-1.2734876,-6.6609306,-6.8923616,-12.392552,3,1
OP8,map_b_split_lane_v2,44,186,142,-4.907968,-4.6547146,-6.1313286,-0.87476915,-1.1148405,-1.0869689,-1.1137447,-1.1450295,-4.142195,-0.51251936,-3.5677457,3,1
OP8,map_b_split_lane_v2,45,187,142,-0.58396053,-8.716279,-0.42505237,-1.60915,-1.3985882,-1.3343518,-1.4687972,-1.5096898,-2.8336105,-5.8826685,-7.3819275,2,1
OP8,map_b_split_lane_v2,46,188,142,-6.3984227,-3.637875,-3.7434294,-8.922735,-1.3176224,-1.3173625,-1.3884518,-1.3562918,-5.6756153,2.0377402,-2.3205125,1,1
OP8,map_b_split_lane_v2,47,189,142,-8.266396,-1.9104427,-4.317041,-18.300423,-1.3952148,-1.3040462,-1.4689286,-1.4823391,-8.198576,6.288133,-0.60639656,1,1
OP8,map_b_split_lane_v2,48,190,142,-1.0311471,-6.765853,-5.5797825,-2.2843988,-1.5645885,-1.5922699,-1.6095209,-1.6208706,-3.9152954,-2.8505576,-5.173583,0,0
OP8,map_b_split_lane_v2,49,191,142,-0.8938516,-1.1553901,-4.4626474,-2.2798944,-1.0158211,-1.0017812,-1.0542579,-0.9959584,-2.197946,1.0425559,-0.15360892,0,3
OP8,map_b_split_lane_v2,50,192,142,-3.0398061,-2.3934357,-4.0652447,-11.998975,-1.1236458,-1.0394304,-1.2480345,-1.1520908,-5.3743653,2.9809296,-1.3540053,1,1
OP8,map_b_split_lane_v2,51,193,142,-1.3626798,-0.50467646,-0.4644624,-1.5435901,-1.5718598,-1.4122412,-1.5559564,-1.6133938,-0.96885216,0.4641757,0.90756476,2,1
OP8,map_b_split_lane_v2,52,194,142,-1.0565084,-4.44529,-4.5880075,-2.3432088,-1.1526175,-1.1359973,-1.2476819,-1.1564133,-3.1082535,-1.3370366,-3.3092928,0,1
OP8,map_b_split_lane_v2,53,195,142,-10.060395,-2.1715188,-0.22417694,-4.2627864,-1.2985826,-1.1645961,-1.3017235,-1.366626,-4.1797194,2.0082006,-1.0069227,2,1
OP8,map_b_split_lane_v2,54,196,142,-3.4138565,-5.806653,-1.61109,-0.22455925,-1.4737921,-1.4441745,-1.5658076,-1.5854232,-2.7640395,-3.0426135,-4.3624783,3,1
OP8,map_b_split_lane_v2,55,197,142,-3.7869205,-8.226062,-0.1552999,-1.8620554,-1.3040445,-1.2288985,-1.3505013,-1.3209565,-3.5075846,-4.7184772,-6.9971633,2,1
OP8,map_b_split_lane_v2,56,198,142,-0.030203655,-2.0421178,-4.499307,-7.4193788,-1.3035243,-1.3506188,-1.44609,-1.3653758,-3.4977517,1.4556339,-0.691499,0,0
OP8,map_b_split_lane_v2,57,199,142,-3.1565502,-2.4125013,-3.4880605,-5.5301113,-1.5296762,-1.5931387,-1.6390243,-1.6230853,-3.6468058,1.2343044,-0.81936264,1,0
OP8,map_b_split_lane_v2,58,200,142,-0.067205004,-0.17485978,-2.7455225,-1.1011803,-1.2299228,-1.1886292,-1.2736812,-1.2659471,-1.0221919,0.8473321,1.0137694,0,1
OP8,map_b_split_lane_v2,59,201,142,-0.9870367,-4.309177,-10.495513,-7.426943,-1.2447765,-1.1709409,-1.2471688,-1.233146,-5.8046675,1.4954906,-3.138236,0,1
OP8,map_b_split_lane_v2,60,202,142,-4.0941854,-0.913645,-1.1509908,-0.839369,-1.2161963,-1.2080705,-1.304354,-1.243845,-1.7495476,0.8359026,0.2944255,3,1
OP8,map_b_split_lane_v2,61,203,142,-2.2242744,-6.5443044,-21.70673,-2.9710917,-1.2594793,-1.1646907,-1.3730934,-1.2971425,-8.3616,1.8172956,-5.379614,0,1
OP8,map_b_split_lane_v2,62,204,142,-10.232059,-8.80297,-5.945488,-0.209682,-1.2346187,-1.2177439,-1.2846365,-1.2042179,-6.2975497,-2.5054202,-7.585226,3,3
OP8,map_b_split_lane_v2,63,205,142,-0.8393327,-4.4831567,-4.0242867,-11.51795,-1.4939754,-1.3838212,-1.4773853,-1.4524517,-5.2161818,0.7330251,-3.0993354,0,1
OP8,map_b_split_lane_v2,64,206,142,-1.6839197,-1.4922196,-2.2930486,-1.6824187,-1.1876354,-1.1009352,-1.2023418,-1.2132363,-1.7879016,0.29568207,-0.39128435,1,1
OP8,map_b_split_lane_v2,65,207,142,0.18105204,-2.4189816,-6.1993027,-0.8389112,-1.4909561,-1.3385413,-1.437717,-1.5119457,-2.3190358,-0.09994578,-1.0804403,0,1
OP8,map_b_split_lane_v2,66,208,142,-10.163324,-3.9762182,-6.6703324,-9.272689,-1.5749962,-1.3966117,-1.5615926,-1.6114466,-7.5206413,3.544423,-2.5796065,1,1
OP8,map_b_split_lane_v2,67,209,142,-2.2952368,-3.9533265,-1.2234534,-0.8215145,-1.3453867,-1.248194,-1.3365209,-1.3702474,-2.0733829,-1.8799436,-2.7051325,3,1
OP8,map_b_split_lane_v2,68,210,142,-1.3780777,0.3587759,-4.971461,0.4853514,-0.9666732,-0.9474441,-1.0158175,-0.9469914,-1.3763528,1.7351286,1.30622,3,3
OP8,map_b_split_lane_v2,69,211,142,-0.49590385,-1.5492142,-0.52056855,-1.5513306,-1.4700127,-1.3955848,-1.5388935,-1.5587275,-1.0292543,-0.5199599,-0.15362942,0,1
OP8,map_b_split_lane_v2,70,212,142,-1.6998547,-5.4316244,-0.47083485,-0.3619897,-1.3741298,-1.4388809,-1.4910326,-1.4682856,-1.9910759,-3.4405484,-3.9927435,3,0
OP8,map_b_split_lane_v2,71,213,142,-1.1465203,-1.3941759,-7.585771,-7.012824,-1.4232321,-1.3849175,-1.5463495,-1.5069594,-4.2848225,2.8906465,-0.0092583895,0,1
OP8,map_b_split_lane_v2,72,214,142,-3.5662427,-0.84268445,-2.8218644,-4.329677,-1.0774589,-0.99946696,-1.1972623,-1.0993259,-2.8901172,2.0474327,0.15678251,1,1
OP8,map_b_split_lane_v2,73,215,142,-1.2390699,-17.965546,-1.934503,-3.1665165,-1.267982,-1.2887626,-1.3886061,-1.3072093,-6.0764093,-11.889136,-16.676783,0,0
OP8,map_b_split_lane_v2,74,216,142,-2.963057,-1.5151414,-5.8853583,-8.862954,-1.1229129,-1.0283759,-1.1665361,-1.148102,-4.8066278,3.2914863,-0.4867655,1,1
OP8,map_b_split_lane_v2,75,217,142,-1.745003,-3.5447001,-3.5056293,-2.6948197,-1.0825379,-0.9905593,-1.1726692,-1.0827427,-2.872538,-0.67216206,-2.5541408,0,1
OP8,map_b_split_lane_v2,76,218,142,-3.3201942,-21.05307,-13.842959,-7.70073,-1.1202483,-1.0333316,-1.1414583,-1.1354034,-11.4792385,-9.573832,-20.01974,0,1
OP8,map_b_split_lane_v2,77,219,142,-0.11882642,-1.1387385,-10.385381,-0.03201998,-1.2599812,-1.1402993,-1.2757614,-1.3027627,-2.9187412,1.7800027,0.0015608072,3,1
OP8,map_b_split_lane_v2,78,220,142,-6.3543477,-3.213754,-7.7815566,-6.140444,-1.2941456,-1.2318819,-1.3245237,-1.3505871,-5.8725257,2.6587718,-1.9818721,1,1
OP8,map_b_split_lane_v2,79,221,142,-9.012172,-1.5749261,-7.17843,-1.2966931,-1.2589037,-1.253329,-1.2833602,-1.3205519,-4.7655554,3.1906292,-0.3215971,3,1
OP8,map_b_split_lane_v2,80,222,142,-11.697947,-2.5243118,-5.515181,-3.329424,-1.2302985,-1.2250016,-1.3061163,-1.2234237,-5.766716,3.2424042,-1.2993102,1,3
OP8,map_b_split_lane_v2,81,223,142,-3.7010894,-5.3192263,-0.24370389,-0.80278885,-1.010436,-0.93958724,-1.0779707,-1.0158894,-2.516702,-2.8025243,-4.379639,2,1
OP8,map_b_split_lane_v2,82,224,142,-2.8946466,-3.3943765,-0.12076495,-0.030974355,-0.99721175,-0.9560545,-1.0232079,-0.9715404,-1.6101906,-1.7841859,-2.438322,3,1
OP8,map_b_split_lane_v2,83,225,142,-1.2833683,-5.324834,-1.3269645,-18.821682,-1.4385045,-1.4310973,-1.466371,-1.4933202,-6.689212,1.364378,-3.8937366,0,1
OP8,map_b_split_lane_v2,84,226,142,-3.3571012,-5.631107,-5.127544,-2.7577724,-1.1114516,-1.0902913,-1.1755733,-1.1148353,-4.218381,-1.4127259,-4.5408154,3,1
OP8,map_b_split_lane_v2,85,227,142,-5.790157,-3.6152155,-10.302411,-1.9904304,-1.5309985,-1.4188299,-1.5196712,-1.5390074,-5.4245534,1.8093379,-2.1963856,3,1
OP8,map_b_split_lane_v2,86,228,142,-5.214024,-5.806348,-6.0502596,-7.1217556,-1.5759776,-1.4679425,-1.5597441,-1.5913334,-6.048097,0.24174929,-4.3384056,0,1
OP8,map_b_split_lane_v2,87,229,142,-0.9182612,-4.3653746,-3.8139954,-0.61496747,-1.230536,-1.2044861,-1.2603002,-1.29621,-2.4281497,-1.9372249,-3.1608884,3,1
OP8,map_b_split_lane_v2,88,230,142,-6.47052,-3.7244575,-2.3401337,-3.7146902,-1.2173252,-1.0709474,-1.2110965,-1.280287,-4.0624504,0.3379929,-2.65351,2,1
OP8,map_b_split_lane_v2,89,231,142,-13.303137,-2.938858,-4.7513113,-12.019941,-1.1632206,-1.1607666,-1.1976051,-1.1789458,-8.253311,5.314453,-1.7780914,1,1
OP8,map_b_split_lane_v2,90,232,142,-13.034852,-6.452253,-8.698421,-22.968061,-1.422823,-1.3766122,-1.4552696,-1.4345398,-12.788397,6.336144,-5.0756407,1,1
OP8,map_b_split_lane_v2,91,233,142,-8.019822,-1.0666391,-14.406911,-11.935323,-1.1499212,-1.0528755,-1.2590067,-1.1697907,-8.857174,7.790535,-0.013763547,1,1
OP8,map_b_split_lane_v2,92,234,142,-1.9747117,-1.6621345,-11.459922,-2.640129,-1.5429425,-1.5593967,-1.6075454,-1.5707984,-4.434224,2.7720895,-0.102737784,1,0
OP8,map_b_split_lane_v2,93,235,142,-5.0377464,-2.7905166,-4.873702,-7.3884754,-1.1328866,-1.0775177,-1.147773,-1.1617255,-5.02261,2.2320936,-1.7129989,1,1
OP8,map_b_split_lane_v2,94,236,142,-2.422534,-4.1031427,-0.06679866,-0.84003794,-1.3673294,-1.381552,-1.3861768,-1.4403789,-1.8581283,-2.2450144,-2.7215908,2,0
OP8,map_b_split_lane_v2,95,237,142,-0.8502385,-2.7215831,-2.5649972,-8.755541,-1.345619,-1.3323894,-1.3915536,-1.4246764,-3.72309,1.0015068,-1.3891938,0,1
OP8,map_b_split_lane_v2,96,238,142,-8.859913,-11.853328,-12.579398,-2.8298578,-1.3486388,-1.3195117,-1.3995168,-1.3768902,-9.030624,-2.8227034,-10.533816,3,1
OP8,map_b_split_lane_v2,97,239,142,-7.4175944,-0.3374303,-0.13155338,-3.0960426,-1.4345775,-1.4372907,-1.5779908,-1.5710802,-2.745655,2.4082248,1.0998604,2,0
OP8,map_b_split_lane_v2,98,240,142,-3.4198048,-3.797447,-0.8329109,-0.35284585,-1.2354155,-1.2168784,-1.3350568,-1.2685862,-2.100752,-1.6966949,-2.5805686,3,1
OP8,map_b_split_lane_v2,99,241,142,-2.1664152,-15.342174,-0.90619934,-0.5184853,-1.1946051,-1.1497362,-1.2201545,-1.2465203,-4.7333183,-10.608855,-14.192437,3,1
OP9,map_b,0,1042,1042,-1.6591601,-1.1975847,-1.8435304,-1.6526626,-1.2570186,-1.2720606,-1.3761351,-1.2849379,-1.5882345,0.3906498,0.074475884,1,0
OP9,map_b,1,1043,1042,-2.1068685,-1.8723606,-2.8841007,-1.6286094,-1.4723144,-1.4172411,-1.548753,-1.5544555,-2.122985,0.2506243,-0.4551195,3,1
OP9,map_b,2,1044,1042,-1.777282,-3.2593176,-0.9117247,-0.6820421,-1.234781,-1.2369826,-1.2052052,-1.2691929,-1.6575916,-1.601726,-2.022335,3,2
OP9,map_b,3,1045,1042,-5.072182,-1.8905649,-2.1594095,-4.0352526,-1.2651429,-1.1888647,-1.2862549,-1.2447095,-3.2893522,1.3987873,-0.7017002,1,1
OP9,map_b,4,1046,1042,-6.8093176,-3.1061094,-7.4378524,-7.5540495,-1.2092776,-1.091903,-1.311192,-1.2419078,-6.2268324,3.120723,-2.0142064,1,1
OP9,map_b,5,1047,1042,-1.7010388,-2.12252,-0.93779856,-2.820067,-1.562221,-1.4341712,-1.5519221,-1.539629,-1.895356,-0.22716391,-0.68834877,2,1
OP9,map_b,6,1048,1042,-11.732027,-1.5142039,-3.7626278,-6.518428,-1.1158626,-1.0727324,-1.1920617,-1.1455953,-5.8818216,4.3676176,-0.44147146,1,1
OP9,map_b,7,1049,1042,-0.51593435,-0.20113857,-1.9951292,-1.8968974,-1.1365316,-1.1647112,-1.2210846,-1.1443343,-1.1522748,0.9511363,0.9635727,1,0
OP9,map_b,8,1050,1042,-1.694291,-1.7561518,-2.337065,-1.0203031,-1.1320124,-1.1053896,-1.1895833,-1.0872066,-1.7019528,-0.05419898,-0.6507622,3,3
OP9,map_b,9,1051,1042,-0.29036275,-3.781049,-2.0798697,-4.5732512,-1.0954449,-1.0215249,-1.1222885,-1.1053722,-2.6811333,-1.0999157,-2.759524,0,1
OP9,map_b,10,1052,1042,-8.055949,-6.4574313,-5.689357,-8.615545,-1.3332808,-1.385014,-1.4892209,-1.4111447,-7.2045703,0.747139,-5.0724173,2,0
OP9,map_b,11,1053,1042,-0.65683854,-1.870049,-0.6362925,-6.029156,-1.2283239,-1.1144166,-1.2437634,-1.2683468,-2.298084,0.42803502,-0.7556324,2,1
OP9,map_b,12,1054,1042,-0.9154893,-1.5627872,-5.4116397,-1.7907286,-1.5155253,-1.5067658,-1.5824394,-1.5588856,-2.4201612,0.8573741,-0.056021333,0,1
OP9,map_b,13,1055,1042,-1.1794473,-1.62349,-1.1685413,-1.520792,-1.2035153,-1.1616762,-1.2478642,-1.2488344,-1.3730676,-0.25042236,-0.4618138,2,1
OP9,map_b,14,1056,1042,-1.2537155,-3.5210295,-0.73220605,-4.3909707,-1.3103902,-1.1731403,-1.3128357,-1.3715203,-2.4744804,-1.0465491,-2.3478892,2,1
OP9,map_b,15,1057,1042,-8.231272,-0.4909812,-3.73395,-4.5529437,-1.3603435,-1.3234572,-1.3953772,-1.3975897,-4.2522864,3.7613053,0.832476,1,1
OP9,map_b,16,1058,1042,-3.629038,-0.83555984,-4.6804113,-1.0735558,-1.4675977,-1.3121128,-1.453603,-1.5378101,-2.5546412,1.7190814,0.47655296,1,1
OP9,map_b,17,1059,1042,-5.4380283,-3.8140118,-0.37053928,-15.56185,-1.0914071,-1.0276086,-1.1863475,-1.1355805,-6.2961073,2.4820955,-2.7864032,2,1
OP9,map_b,18,1060,1042,-1.0881526,-1.4291939,-4.3992176,-3.3465776,-1.1954505,-1.1040466,-1.2470922,-1.2041245,-2.5657854,1.1365916,-0.32514727,0,1
OP9,map_b,19,1061,1042,-1.5372845,-1.2756753,-0.86514264,-1.5318226,-1.2516506,-1.2707562,-1.3317547,-1.3036709,-1.3024812,0.026805878,-0.004919052,2,0
OP9,map_b,20,1062,1042,-6.2677636,-6.1085124,-2.9699926,-2.4849167,-0.9799908,-0.8857712,-1.0541008,-0.9678384,-4.457796,-1.6507163,-5.222741,3,1
OP9,map_b,21,1063,1042,-1.6908422,-1.8258644,-2.3581605,-1.6277213,-1.4498603,-1.3095696,-1.4392898,-1.4103053,-1.8756471,0.049782634,-0.51629484,3,1
OP9,map_b,22,1064,1042,-6.3771358,-4.484931,-5.7216477,-2.7187185,-1.3873131,-1.2707448,-1.3892014,-1.4245751,-4.8256083,0.34067726,-3.2141862,3,1
OP9,map_b,23,1065,1042,-5.1079206,-0.71513593,0.027653953,-1.2134913,-1.1268942,-1.0617483,-1.1781783,-1.1666207,-1.7522235,1.0370876,0.34661233,2,1
OP9,map_b,24,1066,1042,-6.2323194,-0.43797025,-6.3739214,-3.5191586,-1.4260504,-1.3887537,-1.5069673,-1.5404088,-4.1408424,3.7028723,0.9507834,1,1
OP9,map_b,25,1067,1042,-2.4403408,-6.641032,-1.4974976,-2.5687401,-1.2772973,-1.257683,-1.3646414,-1.2763541,-3.2869027,-3.3541296,-5.3833494,2,1
OP9,map_b,26,1068,1042,-1.4090648,-1.5457851,-2.5980573,-3.5446951,-1.5350873,-1.4654667,-1.4912586,-1.5549386,-2.2744005,0.7286154,-0.08031833,0,1
OP9,map_b,27,1069,1042,-4.230483,-0.24187037,-0.77107906,-1.121444,-1.0784385,-0.98685306,-1.092608,-1.0665295,-1.5912192,1.3493488,0.7449827,1,1
OP9,map_b,28,1070,1042,-1.1164658,-3.484709,-1.5629638,-3.4199421,-1.3375847,-1.3899138,-1.4877939,-1.388118,-2.3960202,-1.0886889,-2.0947952,0,0
OP9,map_b,29,1071,1042,-0.32758683,-1.3074564,-0.9029069,-1.5614575,-1.3072693,-1.3142724,-1.264678,-1.3461807,-1.0248519,-0.28260446,0.0068160295,0,2
OP9,map_b,30,1072,1042,-1.082692,-1.3130699,-9.3963375,-0.65727484,-1.0487767,-1.0728042,-1.1009867,-1.0524411,-3.1123435,1.7992736,-0.24026573,3,0
OP9,map_b,31,1073,1042,-3.5266044,-1.4639429,-0.56760454,-2.259743,-1.2713733,-1.1900959,-1.2864776,-1.290545,-1.9544737,0.49053085,-0.27384698,2,1
OP9,map_b,32,1074,1042,-0.93269044,-0.43763113,-4.2809653,-2.440827,-1.2503421,-1.2557702,-1.3199549,-1.2819648,-2.0230284,1.5853972,0.8181391,1,0
OP9,map_b,33,1075,1042,-0.7402133,-0.7769297,-0.45222485,-0.70417416,-1.2772698,-1.2039287,-1.4021857,-1.3517909,-0.6683855,-0.10854417,0.42699903,2,1
OP9,map_b,34,1076,1042,-4.673619,-1.2921208,-0.74671704,-1.1825662,-1.4151485,-1.2622375,-1.384902,-1.425895,-1.9737557,0.6816349,-0.029883265,2,1
OP9,map_b,35,1077,1042,-6.7356877,-1.6541371,-1.861204,-5.8385854,-1.3384159,-1.2774117,-1.3746974,-1.4178267,-4.0224037,2.3682666,-0.37672544,1,1
OP9,map_b,36,1078,1042,-0.898672,-0.32078964,-0.83167523,-5.673573,-1.403507,-1.3242834,-1.4113097,-1.3936019,-1.9311775,1.6103878,1.0034938,1,1
OP9,map_b,37,1079,1042,-0.5216999,-1.9690077,-5.172498,-2.8379586,-1.3264861,-1.244437,-1.3447771,-1.3623443,-2.625291,0.6562834,-0.72457075,0,1
OP9,map_b,38,1080,1042,-2.8031096,-1.4888663,-0.8176323,-0.7434331,-1.4561691,-1.4312475,-1.5101328,-1.5007093,-1.4632603,-0.025606036,-0.057618856,3,1
OP9,map_b,39,1081,1042,-2.396669,-4.364475,-2.7401738,-3.8928835,-1.0286164,-0.98892707,-1.088095,-0.9961727,-3.3485503,-1.0159245,-3.3755476,0,1
OP9,map_b,40,1082,1042,-16.871092,-3.6731038,-8.12231,-8.796734,-1.3352327,-1.3768525,-1.4653375,-1.3824573,-9.365809,5.6927056,-2.2962513,1,0
OP9,map_b,41,1083,1042,-0.24326567,-1.032293,-1.6680712,-1.8422583,-1.1735411,-1.1894665,-1.2171772,-1.1909494,-1.196472,0.16417909,0.15717351,0,0
OP9,map_b,42,1084,1042,-2.928364,-2.135727,-1.0304431,-0.7065545,-1.1909397,-1.1067061,-1.2958405,-1.2025216,-1.7002721,-0.43545485,-1.0290208,3,1
OP9,map_b,43,1085,1042,-2.0037718,-1.5644758,-1.6002338,-1.490921,-1.3251457,-1.2403975,-1.3340137,-1.343986,-1.6648506,0.10037482,-0.32407832,3,1
OP9,map_b,44,1086,1042,-1.9607332,-3.107974,-1.9547151,-3.6676495,-1.1715164,-1.0487878,-1.2829866,-1.2122729,-2.672768,-0.43520594,-2.0591862,2,1
OP9,map_b,45,1087,1042,-1.5467297,-2.8119767,-1.2697332,-1.8776938,-1.5469759,-1.568999,-1.617204,-1.6206362,-1.8765334,-0.9354433,-1.2429776,2,0
OP9,map_b,46,1088,1042,-1.9418988,-2.3393657,-3.5117571,-3.7698052,-1.3050313,-1.3318617,-1.4298382,-1.3721504,-2.8907065,0.5513408,-1.007504,0,0
OP9,map_b,47,1089,1042,-4.0957556,-3.7538242,-6.748529,-4.1337547,-1.2971632,-1.2610326,-1.3255637,-1.3139,-4.6829658,0.9291415,-2.4927917,1,1
OP9,map_b,48,1090,1042,-0.6051651,-6.740844,-3.1806538,-3.7742279,-1.3382015,-1.383199,-1.4357109,-1.3671734,-3.5752227,-3.165621,-5.357645,0,0
OP9,map_b,49,1091,1042,-1.3490008,-2.394155,-2.5689967,-0.47056222,-1.4102912,-1.4544578,-1.5354266,-1.5099766,-1.6956787,-0.6984763,-0.93969727,3,0
OP9,map_b,50,1092,1042,-1.2391814,-2.626753,-2.3090453,-1.0523793,-1.1933947,-1.0896304,-1.1703243,-1.2202375,-1.8068397,-0.8199134,-1.5371227,3,1
OP9,map_b,51,1093,1042,-0.8809584,-4.40931,-2.2639067,-10.817197,-1.192424,-1.1953459,-1.234395,-1.2188959,-4.592843,0.18353319,-3.213964,0,0
OP9,map_b,52,1094,1042,-0.8475915,-1.5230253,-2.05699,-2.9404936,-1.217596,-1.1610639,-1.156729,-1.2217054,-1.842025,0.31899977,-0.36196136,0,2
OP9,map_b,53,1095,1042,-3.4684596,-1.3946072,-8.437676,-2.635102,-1.2423174,-1.1585641,-1.3014812,-1.2808349,-3.9839613,2.589354,-0.2360431,1,1
OP9,map_b,54,1096,1042,-2.0893939,-1.5300208,-1.3522972,-2.1403759,-1.2411761,-1.0901084,-1.1981475,-1.2664995,-1.778022,0.24800122,-0.43991244,2,1
OP9,map_b,55,1097,1042,-2.1180983,-1.8972256,-4.644395,-1.6415794,-1.334301,-1.3223963,-1.3662224,-1.3493361,-2.5753245,0.6780989,-0.57482934,3,1
OP9,map_b,56,1098,1042,-3.1872368,-1.4888276,-2.4754457,-7.0620956,-1.3464439,-1.3258464,-1.3936765,-1.3830299,-3.5534015,2.0645738,-0.16298115,1,1
OP9,map_b,57,1099,1042,-7.323988,-7.4267693,-3.827405,-6.1106086,-1.2322729,-1.2344012,-1.319175,-1.2446902,-6.172193,-1.2545762,-6.192368,2,0
OP9,map_b,58,1100,1042,-1.4423503,-4.2990103,-5.6047406,-0.7347976,-1.1253452,-1.01804,-1.1987131,-1.1547756,-3.0202248,-1.2787855,-3.2809703,3,1
OP9,map_b,59,1101,1042,-1.293898,-3.0806534,-3.638083,-4.87568,-1.4299276,-1.3174202,-1.3737197,-1.4075413,-3.2220786,0.14142513,-1.7632332,0,1
OP9,map_b,60,1102,1042,-0.7013485,-10.891378,-2.8881335,-1.2701044,-1.2587802,-1.1058733,-1.2317071,-1.2918811,-3.937741,-6.953637,-9.785505,0,1
OP9,map_b,61,1103,1042,-2.40859,-2.396011,-3.4397388,-0.21532743,-1.4575093,-1.2910533,-1.392731,-1.4610312,-2.1149168,-0.2810943,-1.1049578,3,1
OP9,map_b,62,1104,1042,-4.4430685,-3.6296225,-0.8184871,-1.620478,-1.5908508,-1.4063454,-1.5642002,-1.5740895,-2.627914,-1.0017085,-2.223277,2,1
OP9,map_b,63,1105,1042,-11.470245,-1.9219998,-5.11847,-1.1786323,-1.132287,-1.0937757,-1.2167928,-1.1128201,-4.922337,3.0003371,-0.82822406,3,1
OP9,map_b,64,1106,1042,-5.5843906,-10.8806,-7.9287786,-6.7923007,-1.3331652,-1.3277512,-1.4174318,-1.330925,-7.7965174,-3.0840826,-9.552849,0,1
OP9,map_b,65,1107,1042,-2.6735437,-5.0494876,-6.6360106,-9.795735,-1.2035494,-1.0729187,-1.1405776,-1.2405424,-6.0386944,0.9892068,-3.976569,0,1
OP9,map_b,66,1108,1042,-3.0312946,-2.4197955,-5.9434466,-3.8049734,-1.4888246,-1.3970313,-1.566328,-1.6118591,-3.7998776,1.3800821,-1.0227642,1,1
OP9,map_b,67,1109,1042,-6.349123,-7.7006216,-7.415196,-6.4622726,-1.0374389,-1.03085,-1.0914435,-0.9963415,-6.9818034,-0.7188182,-6.6697717,0,3
OP9,map_b,68,1110,1042,-4.6651125,-0.3271087,-0.4311381,-2.1982992,-1.4233701,-1.4389324,-1.47539,-1.4266136,-1.9054146,1.5783058,1.1118237,1,0
OP9,map_b,69,1111,1042,-2.403164,-2.0294297,-0.86300814,-2.149469,-1.4191699,-1.4718747,-1.5744035,-1.4484777,-1.8612676,-0.16816211,-0.55755496,2,0
OP9,map_b,70,1112,1042,-0.43207872,-4.347628,-0.3863815,-2.153418,-1.0601089,-1.0753002,-1.1284616,-1.058938,-1.8298767,-2.5177515,-3.272328,2,3
OP9,map_b,71,1113,1042,-0.9761739,-1.6183243,-1.6925298,-1.0237452,-1.0308187,-0.95101136,-1.0653942,-1.0111601,-1.3276932,-0.29063106,-0.6673129,0,1
OP9,map_b,72,1114,1042,-7.286045,-2.9486535,-2.4831595,-9.662623,-1.1125801,-1.1281545,-1.18713,-1.1065149,-5.5951204,2.646467,-1.820499,2,3
OP9,map_b,73,1115,1042,-1.6927397,-4.006231,-0.57128173,-7.9458613,-1.392957,-1.3710632,-1.422523,-1.420322,-3.5540285,-0.45220232,-2.6351676,2,1
OP9,map_b,74,1116,1042,-2.49419,-1.8740507,-1.3549812,-2.2832477,-1.0830526,-1.000262,-1.1116538,-1.0763047,-2.0016174,0.1275667,-0.8737887,2,1
OP9,map_b,75,1117,1042,-7.2435074,-2.3995073,-2.1076715,-2.3179412,-1.0759804,-0.97599643,-1.1370373,-1.0905442,-3.517157,1.1176498,-1.4235108,2,1
OP9,map_b,76,1118,1042,-1.8091508,-2.2345831,-3.1302152,-1.9892775,-1.2993991,-1.2906065,-1.395519,-1.3261259,-2.2908068,0.05622363,-0.94397664,0,1
OP9,map_b,77,1119,1042,-3.9564002,-0.5642714,-1.4585594,-8.487783,-1.4472163,-1.4122679,-1.506105,-1.5250499,-3.6167536,3.0524821,0.84799653,1,1
OP9,map_b,78,1120,1042,-4.5157795,-4.4036674,-2.2157373,-4.1285295,-1.1927257,-1.1381736,-1.1993015,-1.2258937,-3.8159285,-0.587739,-3.2654939,2,1
OP9,map_b,79,1121,1042,-1.4393805,-6.206064,-1.7523887,-0.7867984,-1.0921204,-0.98178893,-1.2034042,-1.1259041,-2.546158,-3.6599061,-5.224275,3,1
OP9,map_b,80,1122,1042,-1.728254,-1.1976048,-1.1414984,-5.1843853,-1.2719584,-1.2812924,-1.2294939,-1.3149292,-2.3129356,1.1153308,0.08368766,2,2
OP9,map_b,81,1123,1042,-7.9591413,-5.1769905,-3.8695037,-0.35077477,-1.2377827,-1.2701509,-1.3725445,-1.3068197,-4.3391023,-0.83788824,-3.9068396,3,0
OP9,map_b,82,1124,1042,-2.0649757,-8.683897,-0.105866514,-5.034603,-1.0383068,-0.99422634,-1.0861509,-0.9822964,-3.9723356,-4.711561,-7.6896706,2,3
OP9,map_b,83,1125,1042,-2.1852436,-2.3515847,-1.5822121,-0.79413617,-1.2931397,-1.323381,-1.3831897,-1.3321056,-1.728294,-0.62329066,-1.0282037,3,0
OP9,map_b,84,1126,1042,-3.734752,-0.4764674,-8.163638,-0.16835293,-1.2665467,-1.141501,-1.2727511,-1.306324,-3.1358025,2.6593351,0.6650336,3,1
OP9,map_b,85,1127,1042,-1.126979,-4.601861,-1.1838902,-1.4674237,-1.2624588,-1.2279308,-1.2573972,-1.2817264,-2.0950384,-2.5068226,-3.3739302,0,1
OP9,map_b,86,1128,1042,0.12627612,-0.9728475,-1.6811692,-0.5246086,-1.5067861,-1.3244507,-1.4673517,-1.5113168,-0.7630873,-0.20976025,0.3516032,0,1
OP9,map_b,87,1129,1042,-0.65208876,-1.5772016,-3.1164064,-1.1902839,-1.1678679,-1.1397321,-1.2373645,-1.1598086,-1.6339952,0.05679357,-0.43746948,0,1
OP9,map_b,88,1130,1042,-1.7342199,-1.8333981,-1.1339067,-1.5487452,-1.2406754,-1.1742792,-1.2393906,-1.2933333,-1.5625675,-0.27083063,-0.6591189,2,1
OP9,map_b,89,1131,1042,-2.3945467,-6.426248,-0.625321,-0.47981772,-1.2287297,-1.245681,-1.3309445,-1.2560148,-2.4814835,-3.9447646,-5.180567,3,0
OP9,map_b,90,1132,1042,-1.0685534,-1.1892812,-2.6891553,-1.6997936,-1.2820787,-1.17944,-1.2945092,-1.2780013,-1.661696,0.47241473,-0.009841204,0,1
OP9,map_b,91,1133,1042,-2.1833613,-5.8497915,-2.1511843,-2.2287114,-1.3851337,-1.2666953,-1.3667803,-1.377497,-3.103262,-2.7465296,-4.5830965,2,1
OP9,map_b,92,1134,1042,-10.5219555,-0.6403463,-0.3404962,-3.739782,-1.0256801,-0.9283791,-1.1051016,-1.0323434,-3.810645,3.1702988,0.28803283,2,1
OP9,map_b,93,1135,1042,-3.1482885,-4.5321965,-2.6296785,-18.115044,-1.2446332,-1.254756,-1.3143835,-1.2779164,-7.106302,2.5741053,-3.2774405,2,0
OP9,map_b,94,1136,1042,-2.5196981,-0.9691112,-3.302567,-2.6666234,-1.0959303,-1.0112185,-1.2061837,-1.1198823,-2.3644998,1.3953886,0.042107344,1,1
OP9,map_b,95,1137,1042,-0.6610954,-1.3931184,-0.76342803,-1.5288713,-1.0229368,-0.99519974,-1.0753117,-1.0027754,-1.0866282,-0.30649018,-0.39791864,0,1
OP9,map_b,96,1138,1042,-1.960773,-1.2575027,-9.472721,-8.262134,-1.4441876,-1.3277187,-1.5081258,-1.5462244,-5.238282,3.9807796,0.07021606,1,1
OP9,map_b,97,1139,1042,-3.1170409,-0.16486228,-1.9766378,-10.259349,-1.0946045,-1.0588622,-1.1362481,-1.0703361,-3.8794725,3.71461,0.89399993,1,1
OP9,map_b,98,1140,1042,-5.453501,-1.9889729,-5.0084014,-1.6651653,-1.3371775,-1.3179488,-1.3584216,-1.4088645,-3.5290103,1.5400374,-0.6710241,3,1
OP9,map_b,99,1141,1042,-5.4042845,-2.259401,-4.922826,-7.647818,-1.355983,-1.3033819,-1.3903122,-1.4044497,-5.0585823,2.7991812,-0.95601916,1,1
OP9,map_b_split_lane_v2,0,1142,1142,-0.37523475,-1.1369158,-4.862971,-3.8322115,-1.2037687,-1.222187,-1.2933877,-1.2205117,-2.5518332,1.4149173,0.08527124,0,0
OP9,map_b_split_lane_v2,1,1143,1142,-2.020946,-3.0425477,-0.26990527,-2.25952,-1.069776,-0.97623456,-1.1526315,-1.0779521,-1.8982297,-1.144318,-2.0663133,2,1
OP9,map_b_split_lane_v2,2,1144,1142,-5.1405916,-1.6012462,-3.274139,-1.8493828,-1.8494978,-1.8832037,-1.9127953,-1.8993311,-2.9663398,1.3650936,0.2819575,1,0
OP9,map_b_split_lane_v2,3,1145,1142,-1.490566,-2.4581366,-2.031485,-0.8107679,-1.1072333,-1.0997539,-1.1414118,-1.070389,-1.6977389,-0.7603977,-1.3583827,3,3
OP9,map_b_split_lane_v2,4,1146,1142,-1.5271953,-2.7088583,-1.0311788,-1.0903188,-1.0778933,-1.0047779,-1.1813457,-1.1000636,-1.5893878,-1.1194705,-1.7040803,2,1
OP9,map_b_split_lane_v2,5,1147,1142,-4.137672,-0.122082405,-1.4686062,-0.23140141,-1.4013245,-1.2059064,-1.3540721,-1.3694232,-1.4899404,1.367858,1.083824,1,1
OP9,map_b_split_lane_v2,6,1148,1142,-0.8681233,-1.4225343,-2.22735,-0.63705575,-1.1725514,-1.1541677,-1.2462647,-1.1517184,-1.2887658,-0.13376856,-0.2683667,3,3
OP9,map_b_split_lane_v2,7,1149,1142,-2.8711624,-3.2447557,-6.3343453,-0.534268,-1.1390188,-1.051317,-1.2357819,-1.1515841,-3.246133,0.0013773441,-2.1934388,3,1
OP9,map_b_split_lane_v2,8,1150,1142,-0.7284229,-1.3865498,-0.17305416,-0.7815477,-1.386805,-1.4301934,-1.5196667,-1.3977697,-0.76739365,-0.6191562,0.043643594,2,0
OP9,map_b_split_lane_v2,9,1151,1142,-7.136391,-1.3012857,-1.3662798,-0.93646944,-1.1988463,-1.2092197,-1.229255,-1.2153969,-2.6851065,1.3838208,-0.09206605,3,0
OP9,map_b_split_lane_v2,10,1152,1142,-1.7331021,-1.4004692,-9.380583,-4.008223,-1.219255,-1.2299478,-1.3277409,-1.2873125,-4.1305943,2.730125,-0.17052138,1,0
OP9,map_b_split_lane_v2,11,1153,1142,-2.1129503,-0.8826604,-1.4961503,-0.38781813,-1.337148,-1.3364935,-1.3876002,-1.4163644,-1.2198949,0.3372345,0.4538331,3,1
OP9,map_b_split_lane_v2,12,1154,1142,-0.933101,-2.1720374,-1.6349984,-0.6637793,-1.3999853,-1.3452415,-1.4461896,-1.454169,-1.350979,-0.8210584,-0.8267958,3,1
OP9,map_b_split_lane_v2,13,1155,1142,-5.133523,-0.88268834,-5.6873307,-3.5522077,-1.3608053,-1.2359045,-1.3271217,-1.3953805,-3.8139377,2.9312494,0.3532161,1,1
OP9,map_b_split_lane_v2,14,1156,1142,-0.77865094,-9.752784,-1.6166935,-0.4989183,-1.2268066,-1.2295725,-1.3259592,-1.2107842,-3.1617618,-6.591022,-8.5232115,3,3
OP9,map_b_split_lane_v2,15,1157,1142,-0.19385456,-0.018580126,0.19821082,-1.1940372,-1.0203189,-0.94502974,-1.0732057,-0.9540077,-0.30206525,0.2834851,0.9264496,2,1
OP9,map_b_split_lane_v2,16,1158,1142,-1.7077459,-2.3991835,-2.845233,-0.21096253,-1.4374743,-1.388449,-1.5031347,-1.5238295,-1.7907813,-0.60840225,-1.0107346,3,1
OP9,map_b_split_lane_v2,17,1159,1142,-6.2526617,-8.380897,-4.2557406,-2.3447268,-1.1946399,-1.1392283,-1.2017336,-1.2497411,-5.3085065,-3.07239,-7.241668,3,1
OP9,map_b_split_lane_v2,18,1160,1142,-2.7431066,-3.689356,-3.521432,-2.7624388,-1.1723428,-1.1676185,-1.2570791,-1.1957316,-3.1790833,-0.51027274,-2.5217376,0,1
OP9,map_b_split_lane_v2,19,1161,1142,-1.3999276,-2.1920366,-0.5127983,-3.0106661,-1.3981314,-1.3881736,-1.4676156,-1.4055786,-1.7788572,-0.4131794,-0.80386305,2,1
OP9,map_b_split_lane_v2,20,1162,1142,-3.218098,-5.5901,-8.073925,-7.303115,-1.2905557,-1.3360636,-1.4186683,-1.3174961,-6.0463095,0.45620966,-4.254036,0,0
OP9,map_b_split_lane_v2,21,1163,1142,-0.35309163,-5.1840806,-1.4280828,-0.16714054,-1.2746799,-1.1930418,-1.308697,-1.2822266,-1.7830989,-3.4009817,-3.9910388,3,1
OP9,map_b_split_lane_v2,22,1164,1142,-3.6144753,-0.21783519,0.023045495,-0.2613864,-1.1740706,-1.1448972,-1.1274803,-1.1828332,-1.0176628,0.7998276,0.92706203,2,2
OP9,map_b_split_lane_v2,23,1165,1142,-1.8682476,-2.2313523,-0.8149776,-2.626738,-1.3939989,-1.4532928,-1.5125177,-1.4420054,-1.8853289,-0.34602344,-0.7780595,2,0
OP9,map_b_split_lane_v2,24,1166,1142,-2.8427274,-2.795353,-1.7637979,-2.7367182,-1.3135979,-1.2001243,-1.346755,-1.3784354,-2.5346491,-0.2607038,-1.5952287,2,1
OP9,map_b_split_lane_v2,25,1167,1142,-2.168203,-1.3567193,-2.0788617,-1.5537969,-1.1099136,-1.0226107,-1.2131953,-1.1360419,-1.7893952,0.43267596,-0.3341086,1,1
OP9,map_b_split_lane_v2,26,1168,1142,-4.075142,-1.6751571,-11.13922,-1.3575585,-1.2079024,-1.188477,-1.320462,-1.2478836,-4.5617695,2.8866124,-0.48668003,3,1
OP9,map_b_split_lane_v2,27,1169,1142,-2.8084824,-5.026478,-2.661893,-0.43550178,-1.1526458,-1.1500411,-1.2124264,-1.1989465,-2.7330887,-2.293389,-3.8764367,3,1
OP9,map_b_split_lane_v2,28,1170,1142,-7.6555057,-2.5235534,-0.14171338,-8.151608,-1.1825044,-1.1668549,-1.2553945,-1.167234,-4.6180954,2.094542,-1.3566985,2,1
OP9,map_b_split_lane_v2,29,1171,1142,-0.7890956,-7.0086412,-1.4479991,-3.1031208,-1.1772182,-1.1392865,-1.231632,-1.250535,-3.0872142,-3.921427,-5.8693547,0,1
OP9,map_b_split_lane_v2,30,1172,1142,-2.4163043,-2.0101314,-0.8996803,-2.9440906,-1.1642165,-1.1036601,-1.2724531,-1.2166753,-2.0675516,0.057420254,-0.90647125,2,1
OP9,map_b_split_lane_v2,31,1173,1142,-1.8655697,-16.63214,-1.1387979,-1.3945096,-1.0304103,-0.9484699,-1.1435149,-1.0319128,-5.2577543,-11.374385,-15.683669,2,1
OP9,map_b_split_lane_v2,32,1174,1142,-2.316881,-7.9282928,0.062615715,-3.9398305,-1.0687551,-1.0326722,-1.1515749,-1.1082821,-3.5305972,-4.3976955,-6.8956203,2,1
OP9,map_b_split_lane_v2,33,1175,1142,-1.46612,-0.5716504,-2.7179873,-2.193614,-1.2971232,-1.2372651,-1.3643374,-1.3589602,-1.7373428,1.1656924,0.6656147,1,1
OP9,map_b_split_lane_v2,34,1176,1142,-3.0048413,-17.768047,-2.4523227,-0.664695,-1.2341969,-1.1205847,-1.2171514,-1.2673011,-5.9724765,-11.79557,-16.647463,3,1
OP9,map_b_split_lane_v2,35,1177,1142,-0.5170755,-3.0246992,-1.6441098,-5.7530923,-1.2555382,-1.1838837,-1.2439828,-1.3039098,-2.734744,-0.28995514,-1.8408155,0,1
OP9,map_b_split_lane_v2,36,1178,1142,-1.4678276,-2.3618743,-0.9375274,-3.6672266,-1.3195453,-1.3834345,-1.4456456,-1.3468354,-2.108614,-0.25326037,-0.9784398,2,0
OP9,map_b_split_lane_v2,37,1179,1142,0.010455865,-1.0009241,-0.36224693,-1.9994549,-1.0546627,-0.9814072,-1.0913637,-1.0424151,-0.8380425,-0.16288161,-0.019516885,0,1
OP9,map_b_split_lane_v2,38,1180,1142,-3.6945632,-4.173228,-1.0102504,-1.1408774,-1.1490338,-1.0607896,-1.2287514,-1.1797047,-2.5047297,-1.668498,-3.1124382,2,1
OP9,map_b_split_lane_v2,39,1181,1142,-8.738781,-9.977508,-6.8718004,-6.0089498,-1.4446907,-1.4782717,-1.4809113,-1.4864488,-7.8992596,-2.078248,-8.499236,3,0
OP9,map_b_split_lane_v2,40,1182,1142,-3.5573227,-0.9027269,-4.663856,-0.169437,-1.589663,-1.6313577,-1.675452,-1.5758746,-2.3233356,1.4206088,0.7286308,3,3
OP9,map_b_split_lane_v2,41,1183,1142,-6.110093,-1.5117906,-1.7776538,-5.690767,-1.2035723,-1.1898737,-1.2368176,-1.1367931,-3.7725763,2.2607856,-0.32191694,1,3
OP9,map_b_split_lane_v2,42,1184,1142,-2.0311875,-4.496261,-6.390034,-4.1082735,-1.3700211,-1.3915019,-1.4817545,-1.3804183,-4.256439,-0.23982191,-3.1047592,0,0
OP9,map_b_split_lane_v2,43,1185,1142,-0.64557403,-1.261999,-2.007428,-0.7601132,-1.4239488,-1.4216475,-1.489285,-1.4276814,-1.1687785,-0.09322047,0.15964854,0,1
OP9,map_b_split_lane_v2,44,1186,1142,-9.617957,-8.424052,-4.4407744,-1.4125733,-1.0920804,-1.0245347,-1.1991735,-1.1070085,-5.9738393,-2.450213,-7.3995175,3,1
OP9,map_b_split_lane_v2,45,1187,1142,-3.6487806,-1.4143586,-1.4156175,-1.0916984,-1.4343939,-1.4490273,-1.4804401,-1.4992518,-1.8926136,0.47825503,0.034668684,3,0
OP9,map_b_split_lane_v2,46,1188,1142,-4.014839,-1.2371943,-0.5894397,-0.48549342,-1.3869777,-1.3537753,-1.4210434,-1.4486687,-1.5817416,0.34454727,0.11658096,3,1
OP9,map_b_split_lane_v2,47,1189,1142,-0.34230354,-0.99700975,-2.7042549,-1.3941386,-1.6075697,-1.661411,-1.6743369,-1.6261761,-1.3594267,0.36241698,0.6644013,0,0
OP9,map_b_split_lane_v2,48,1190,1142,-9.256692,-2.7807572,-4.3703704,-0.72736835,-1.5041649,-1.5171182,-1.5479045,-1.515244,-4.2837973,1.5030401,-1.263639,3,0
OP9,map_b_split_lane_v2,49,1191,1142,-1.5906082,-2.5219216,-2.6299527,-2.1987915,-1.7096462,-1.7296288,-1.7458925,-1.715527,-2.2353184,-0.2866032,-0.79229283,0,0
OP9,map_b_split_lane_v2,50,1192,1142,-6.5721803,-2.7435353,-1.2397208,-1.667461,-1.4816368,-1.4787896,-1.5638099,-1.4987934,-3.0557246,0.31218934,-1.2647457,2,1
OP9,map_b_split_lane_v2,51,1193,1142,-13.064452,-0.086943984,-5.201703,-3.3684833,-1.3810377,-1.3645794,-1.3957117,-1.4057314,-5.4303956,5.3434515,1.2776355,1,1
OP9,map_b_split_lane_v2,52,1194,1142,-4.5618086,-6.166091,-7.4393215,-2.037688,-1.2587292,-1.2986238,-1.394371,-1.312118,-5.051227,-1.1148639,-4.867467,3,0
OP9,map_b_split_lane_v2,53,1195,1142,-0.20539479,-2.7624688,0.23951118,-0.91994673,-1.0130668,-1.005667,-1.068665,-0.987246,-0.91207474,-1.850394,-1.7568018,2,3
OP9,map_b_split_lane_v2,54,1196,1142,-8.272784,-7.4386034,-0.36138248,-8.841008,-1.1722028,-1.1521966,-1.2277136,-1.1950343,-6.228444,-1.2101593,-6.2864065,2,1
OP9,map_b_split_lane_v2,55,1197,1142,-5.182386,-0.8235085,-0.8449139,-5.9061813,-1.0920701,-1.0286014,-1.1803415,-1.1068714,-3.1892476,2.365739,0.2050929,1,1
OP9,map_b_split_lane_v2,56,1198,1142,-0.3248836,-1.9012443,-2.4413667,-4.0667405,-1.3109782,-1.3233209,-1.4016778,-1.3543324,-2.183559,0.28231466,-0.5779234,0,0
OP9,map_b_split_lane_v2,57,1199,1142,-7.0698857,-8.659084,-7.6489263,-6.4024596,-1.3152974,-1.3226554,-1.4047418,-1.3141103,-7.445089,-1.2139955,-7.3364286,3,3
OP9,map_b_split_lane_v2,58,1200,1142,-9.823936,-3.863571,-4.5909514,-10.692852,-1.2969165,-1.2077887,-1.4066787,-1.3573351,-7.242828,3.379257,-2.6557822,1,1
OP9,map_b_split_lane_v2,59,1201,1142,-1.5171665,-2.4286544,-1.6077507,-3.621999,-1.0685232,-1.0554305,-1.1271253,-1.0233526,-2.2938926,-0.13476181,-1.3732239,0,3
OP9,map_b_split_lane_v2,60,1202,1142,-1.7421169,-2.970791,0.12191914,-0.7072498,-1.3482201,-1.3272645,-1.3908122,-1.319912,-1.3245596,-1.6462315,-1.6435266,2,3
OP9,map_b_split_lane_v2,61,1203,1142,-1.127515,-6.5545897,0.1703518,-5.3787417,-1.035871,-0.9402217,-1.1297014,-1.0403967,-3.2226236,-3.3319662,-5.614368,2,1
OP9,map_b_split_lane_v2,62,1204,1142,-6.283038,-3.3342054,-1.05776,-0.9102796,-1.5616035,-1.5645127,-1.6259358,-1.6697457,-2.8963208,-0.43788457,-1.7696927,3,0
OP9,map_b_split_lane_v2,63,1205,1142,-0.366177,-3.1823425,-4.603562,-6.680579,-1.530359,-1.5050051,-1.5668001,-1.5583181,-3.7081652,0.52582264,-1.6773374,0,1
OP9,map_b_split_lane_v2,64,1206,1142,-1.1068342,-3.0470083,0.04751357,-3.8972156,-1.4513776,-1.3645577,-1.400424,-1.458755,-2.0008862,-1.0461221,-1.6824505,2,1
OP9,map_b_split_lane_v2,65,1207,1142,-0.3337977,-6.5111713,-3.673868,-1.5501329,-1.12603,-1.0364743,-1.2192719,-1.1302476,-3.0172424,-3.493929,-5.474697,0,1
OP9,map_b_split_lane_v2,66,1208,1142,-3.2222745,-0.22933048,-0.52204126,-5.3583517,-1.4331007,-1.3694952,-1.46947,-1.4922304,-2.3329995,2.103669,1.1401646,1,1
OP9,map_b_split_lane_v2,67,1209,1142,-7.282695,-1.8345062,-6.9022827,-4.360775,-1.2586179,-1.2219355,-1.2528262,-1.3076456,-5.0950646,3.2605586,-0.61257064,1,1
OP9,map_b_split_lane_v2,68,1210,1142,-2.7393806,-1.6478043,-6.647233,-4.0588408,-1.0051329,-0.9429309,-1.0938232,-0.9961673,-3.7733147,2.1255105,-0.7048734,1,1
OP9,map_b_split_lane_v2,69,1211,1142,-1.128547,0.035881523,-2.3564727,-7.938805,-1.0663664,-1.0259151,-1.1219125,-1.0656378,-2.8469858,2.8828673,1.0617967,1,1
OP9,map_b_split_lane_v2,70,1212,1142,-4.494626,-2.7271667,-2.5242047,-1.0271208,-1.0707207,-1.0526836,-1.1304758,-1.0523608,-2.6932795,-0.033887148,-1.6744831,3,3
OP9,map_b_split_lane_v2,71,1213,1142,-1.0138711,-3.482358,-1.5426993,-3.1198034,-1.2790256,-1.2383754,-1.2974994,-1.3052542,-2.2896829,-1.1926751,-2.2439826,0,1
OP9,map_b_split_lane_v2,72,1214,1142,-6.9276333,-2.3073921,-1.878164,-6.6438427,-1.7452915,-1.7406192,-1.7943602,-1.786942,-4.439258,2.131866,-0.56677294,2,1
OP9,map_b_split_lane_v2,73,1215,1142,-4.291079,-4.1677437,-1.3739953,-22.53772,-1.2543836,-1.2487388,-1.3458271,-1.2725251,-8.092634,3.9248905,-2.919005,2,1
OP9,map_b_split_lane_v2,74,1216,1142,-1.1929327,-2.4495437,-2.3984067,-2.571413,-1.1042767,-1.0450048,-1.13129,-1.1081035,-2.153074,-0.2964697,-1.4045389,0,1
OP9,map_b_split_lane_v2,75,1217,1142,-1.409206,-1.4463286,-6.2797093,-1.6619284,-1.5642352,-1.588881,-1.6056271,-1.5538094,-2.6992931,1.2529645,0.14255238,0,3
OP9,map_b_split_lane_v2,76,1218,1142,-2.3595665,-6.1521153,-5.7943935,-3.6305814,-1.3772516,-1.3842747,-1.4019947,-1.4314475,-4.484164,-1.6679511,-4.7678404,0,0
OP9,map_b_split_lane_v2,77,1219,1142,-0.75451463,-9.225405,-0.9125876,-3.0363264,-1.2327034,-1.2098224,-1.3058102,-1.2491298,-3.4822083,-5.7431965,-8.015582,0,1
OP9,map_b_split_lane_v2,78,1220,1142,-9.560389,-1.1326948,-0.74446166,-2.3688338,-1.3464229,-1.258884,-1.3318172,-1.3505144,-3.4515948,2.3189,0.12618911,2,1
OP9,map_b_split_lane_v2,79,1221,1142,-0.6649541,-0.8312322,-2.5655,-1.2455876,-1.2757804,-1.3013096,-1.3913841,-1.340112,-1.3268185,0.49558628,0.4700774,0,0
OP9,map_b_split_lane_v2,80,1222,1142,-6.535429,-3.772449,-3.2209518,-1.0046428,-1.5226579,-1.437232,-1.5808766,-1.6087389,-3.6333683,-0.13908076,-2.335217,3,1
OP9,map_b_split_lane_v2,81,1223,1142,-1.0326107,-1.3806847,-2.0217505,-1.8519583,-1.3171289,-1.186666,-1.3279107,-1.3587034,-1.571751,0.19106627,-0.19401872,0,1
OP9,map_b_split_lane_v2,82,1224,1142,-2.5009568,-0.66122013,-10.370309,-5.4570427,-1.2590253,-1.1947227,-1.3628657,-1.3412611,-4.747382,4.086162,0.5335025,1,1
OP9,map_b_split_lane_v2,83,1225,1142,-0.38107738,-0.375658,-0.88095635,0.2853795,-1.3462372,-1.209017,-1.3170953,-1.3433454,-0.33807805,-0.037579954,0.833359,3,1
OP9,map_b_split_lane_v2,84,1226,1142,-0.43851653,-0.17531925,-0.38790742,-5.825753,-1.0151606,-0.936921,-1.0987945,-1.0095,-1.7068741,1.5315549,0.76160175,1,1
OP9,map_b_split_lane_v2,85,1227,1142,-0.58400714,-6.167857,-1.2722055,-6.4004884,-1.2057679,-1.2198453,-1.3061054,-1.2588258,-3.6061397,-2.5617175,-4.948012,0,0
OP9,map_b_split_lane_v2,86,1228,1142,-5.3292494,-1.849102,-4.398025,-2.159808,-1.4187586,-1.3027408,-1.4072804,-1.4024453,-3.434046,1.584944,-0.5463612,1,1
OP9,map_b_split_lane_v2,87,1229,1142,-1.4955086,-2.427963,-1.9817301,-2.0658484,-1.3535628,-1.3756015,-1.4422402,-1.4008465,-1.9927624,-0.43520057,-1.0523615,0,0
OP9,map_b_split_lane_v2,88,1230,1142,-0.39151835,-4.7289815,-2.2202492,-1.5428834,-1.5138652,-1.527189,-1.5960345,-1.5250771,-2.2209082,-2.5080733,-3.2017925,0,0
OP9,map_b_split_lane_v2,89,1231,1142,-1.5158256,-0.68553793,-1.4398314,-1.5000536,-1.2898858,-1.2750392,-1.3171692,-1.3057699,-1.2853122,0.59977424,0.58950126,1,1
OP9,map_b_split_lane_v2,90,1232,1142,-5.6446276,-4.230868,-5.34777,-10.524504,-1.304843,-1.2188473,-1.3187482,-1.3277051,-6.4369426,2.2060747,-3.0120206,1,1
OP9,map_b_split_lane_v2,91,1233,1142,-1.6148623,-1.0875748,-1.4294015,-7.177145,-1.0520928,-0.99048734,-1.1394868,-1.0751808,-2.827246,1.7396711,-0.0970875,1,1
OP9,map_b_split_lane_v2,92,1234,1142,-1.5246948,-1.7747337,-5.3397155,-4.0985456,-1.0989277,-1.0887265,-1.1552129,-1.0759904,-3.1844225,1.4096888,-0.68600714,0,3
OP9,map_b_split_lane_v2,93,1235,1142,-3.8102229,-1.5391163,-0.52611005,-1.3804117,-1.1173449,-1.1135645,-1.1808989,-1.1094649,-1.8139652,0.27484894,-0.42555177,2,3
OP9,map_b_split_lane_v2,94,1236,1142,-6.695135,-1.5541815,-2.0312603,-5.6477213,-1.5775981,-1.4674604,-1.5462005,-1.6146259,-3.9820745,2.4278932,-0.08672106,1,1
OP9,map_b_split_lane_v2,95,1237,1142,-3.7225947,-0.6966452,-3.756995,-2.42831,-1.498992,-1.3435555,-1.480639,-1.569876,-2.6511364,1.9544911,0.64691025,1,1
OP9,map_b_split_lane_v2,96,1238,1142,-1.0329186,-8.398201,-1.4776161,-1.8452514,-1.0080653,-0.96187514,-1.0524619,-0.984085,-3.1884968,-5.2097044,-7.436326,0,1
OP9,map_b_split_lane_v2,97,1239,1142,-1.7760358,-4.607463,-7.185128,-3.4842966,-1.7239993,-1.6841443,-1.7924569,-1.8079808,-4.263231,-0.34423208,-2.9233186,0,1
OP9,map_b_split_lane_v2,98,1240,1142,-1.758114,-1.4721,-2.8391414,-12.62449,-1.1801617,-1.1192148,-1.2651393,-1.210453,-4.6734614,3.2013614,-0.35288525,1,1
OP9,map_b_split_lane_v2,99,1241,1142,-1.6343495,-0.3571473,-0.473736,-3.2341757,-1.104223,-1.1081522,-1.1693125,-1.0938368,-1.4248521,1.0677048,0.7510048,1,3
